a,b,c,e,idx
18.11257908757909,32.86211843711844,31.424789099789095,17.600513375513376,114693
12.249405295559141,22.245780715011485,51.96989506220275,13.534918927226622,79878
10.160404339250492,24.580752794214334,38.46050295857988,26.798339907955288,114695
23.581560960407106,36.94562318023856,27.394482013712782,12.078333845641536,114697
11.689392445161674,27.13142242373012,38.50701307239769,22.672172058710522,114699
30.7197607947608,27.567094017094014,32.98666333666334,8.726481851481852,114701
31.072424566174572,21.884024077774082,30.682769082769084,16.360782273282272,71696
39.38081854043393,32.5828073635766,19.33073635765944,8.705637738330045,71698
13.624852924852926,19.146525696525696,51.8888888888889,15.33973248973249,114707
10.443539562289562,27.10652356902357,26.595686026936026,35.85425084175083,71704
10.42950591075591,21.45858400858401,44.85692501942501,23.25498506123506,71706
62.69188397073012,12.887242458396305,16.069034811342505,8.351838759531068,73757
20.166137566137568,34.13571428571429,27.91312830687831,17.78501984126984,71713
12.696400394477315,23.795381328073635,44.17570677186062,19.33251150558843,114721
11.862282589205666,23.951345449422377,40.11796728912114,24.06840467225082,114723
66.00474294224294,21.608772015022016,11.652688746438747,0.7337962962962964,71716
47.29170135420135,19.12934287934288,25.378504828504834,8.200450937950938,114725
49.33334142709142,18.40653328153328,22.239777583527587,10.020347707847709,71718
24.57757469802924,32.05174295401568,22.179116338207248,21.191566009747827,108585
20.290298590298594,37.3906524031524,24.291635679135677,18.027413327413328,73779
15.63954933954934,45.73424101151374,19.461347743165927,19.164861905770998,108600
20.41508427469966,31.93293010408395,25.23248183440491,22.41950378681148,73785
34.70594729344729,26.249090261590265,29.215682465682466,9.82927997927998,108608
27.58359616573902,25.125641620284476,35.27471397649969,12.016048237476808,114753
15.631542699724518,32.14539980221799,26.659346966165153,25.56371053189235,108611
24.60133477633478,10.853579753579755,54.580522255522254,9.964563214563213,73801
61.82628978164693,15.895946315589173,17.812899402185117,4.464864500578787,73803
29.961493848032305,15.544364609749227,47.080128205128204,7.414013337090261,73805
23.491880341880343,27.531410256410258,29.098717948717947,19.87799145299145,114767
15.455528018989556,34.41162982316828,29.619008555547016,20.51383360229514,114771
18.194307775557775,36.14969336219336,21.796948884448884,23.85904997779998,114773
76.54435703185703,7.133278295778297,16.01094276094276,0.31142191142191145,73821
25.8340318772137,29.023376623376624,22.92085792994884,22.22173356946084,114785
76.83154761904763,9.821428571428573,12.459821428571425,0.887202380952381,114787
72.45089910089911,14.50158175158175,12.500316350316352,0.5472027972027972,114789
61.477866325593595,23.283500590318774,13.910645415190869,1.3279876688967598,114791
23.778302505575233,11.193368752459662,50.092368490095765,14.935960251869341,114797
25.18743276925095,19.16894595303686,44.79536599763873,10.848255280073461,114799
74.80957584082584,5.500153318903319,15.916550116550118,3.7737207237207233,108656
23.78290800108982,20.51601353192262,40.12294220930585,15.578136257681713,114805
20.390336178972543,14.652308802308802,55.50360170132897,9.453753317389681,114809
50.918190143190145,18.78542291042291,20.190601065601065,10.10578588078588,114811
23.189538239538237,27.686796536796535,27.7719696969697,21.351695526695526,73854
36.82705552023734,22.63453591862683,24.742858656495024,15.795549904640813,114815
37.624264624264626,23.419891219891216,29.58209013209013,9.373754023754024,73856
12.228912753912756,18.77337384837385,35.45018315018315,33.547530247530254,114817
71.81193427784336,18.036747343565523,9.461809654991475,0.6895087235996327,73858
9.983503675811367,22.916109318032397,38.868812384197,28.231574621959243,125057
29.375915750915752,25.688428238428234,31.3487012987013,13.58695471195471,73860
73.06732861155939,17.329723268184807,8.75773564042795,0.8452124798278644,112773
33.32099844599845,11.556682206682206,43.208954933954935,11.913364413364413,73862
62.05855186480187,23.594289044289052,13.773353729603729,0.5738053613053613,108679
18.51154401154401,28.282828282828287,23.893434343434343,29.312193362193362,73864
70.95048989472065,8.164566843412997,19.876175106944338,1.0087681549220011,112777
15.983653846153848,13.064232064232064,61.18858456358456,9.763529526029528,108682
13.972046116276887,26.11500145153991,32.655291076444925,27.257661355738282,112779
36.91193528693529,27.412221112221115,23.7515429015429,11.9243006993007,73868
22.583232152462926,22.09163528778913,26.398768752614902,28.92636380713304,108685
20.01421957671958,41.693175805675814,25.681673881673884,12.610930735930735,114821
17.156271043771046,44.63352272727273,20.438215488215487,17.771990740740744,114823
21.355324074074076,31.255547461797462,26.018253043253043,21.37087542087542,114825
18.26556337181337,31.096593915343917,32.385188191438196,18.252654521404523,114827
71.5451486013986,16.851643032893033,11.09430685055685,0.5089015151515152,114829
25.49834656084656,29.253802910052908,26.293485449735446,18.95436507936508,114831
17.01839826839827,26.941008297258303,30.64737554112554,25.393217893217894,114833
16.138921684376232,28.858717040535222,34.493900039354585,20.508461235733964,114837
23.01497113997114,31.9050727050727,27.892130092130092,17.187826062826062,114839
65.15681818181818,23.9781746031746,9.941847041847042,0.9231601731601732,114841
23.242718392718395,31.246794871794876,28.118667443667444,17.391819291819296,112795
20.701560939060943,20.960939754689758,39.55323218448218,18.784267121767122,114843
22.72313011063011,26.252353896103898,37.5322601010101,13.492255892255892,125083
13.364253108003107,24.42290764790765,33.70903887778887,28.503800366300364,108702
25.08070448070448,27.314594664594665,29.553038396788395,18.05166245791246,108703
26.14551282051282,30.56625712250712,26.42076210826211,16.867467948717948,108704
33.896051597974676,24.481962268500734,26.88393017239171,14.738055961132885,112799
17.35421522921523,22.532514245014244,28.571338383838384,31.541932141932147,114849
42.97752172070354,22.916780441780443,23.388939343484797,10.716758494031222,125405
7.168855218855218,19.027884615384618,51.50843693343693,22.29482323232323,112805
26.09507095468634,12.193841628457012,38.723511104280334,22.98757631257631,75942
30.1956222018722,25.34414428164428,29.031372100122102,15.42886141636142,75944
65.55277777777779,20.921969696969697,12.42550505050505,1.0997474747474747,125097
16.478670634920636,30.00231481481482,36.6986568986569,16.820357651607655,125407
13.049003017184837,26.40355654446564,29.95583204674114,30.591608391608393,125099
15.61639962601501,28.368005925698238,33.81811948735025,22.1974749609365,75948
26.965787684537688,35.73743686868686,26.149289368039366,11.147486078736078,112813
14.223290598290598,46.6363425925926,22.658404558404555,16.481962250712254,75950
49.31042106042107,13.557714276464276,29.43016821141821,7.701696451696452,112815
65.72269018859927,19.83285653740199,13.592065762520308,0.8523875114784206,125103
73.33687493062492,8.18871128871129,15.190276390276393,3.28413739038739,112817
25.963560584714433,11.006796408719485,45.9281848493387,17.101458157227388,75954
25.289214951714953,26.745683251933254,34.2594148906649,13.705686905686903,112819
21.007409026159028,32.62915371665372,35.83333333333333,10.530103923853924,75956
43.45265290265291,20.651640026640028,18.394388944388943,17.50131812631813,125107
75.59537037037038,11.293022486772486,12.340310846560845,0.7712962962962964,125409
11.797283272283272,23.736477411477413,34.879942027669294,29.586297288570016,125111
58.433758701615844,10.592323945895375,23.991457153957157,6.982460198531627,75960
63.982529507529506,12.269179894179894,20.680128205128202,3.068162393162393,112829
27.193276168276164,13.916385003885006,47.13014346764347,11.76019536019536,75971
20.94800754800755,21.248432123432124,30.187856587856587,27.61570374070374,82117
15.308198051948052,27.146942640692643,35.563242544492546,21.981616762866764,112839
18.824174543405313,23.362219191065346,44.848529675452745,12.96507659007659,82124
73.69207459207459,16.952177096407862,8.605996354073277,0.7497519574442651,82126
21.62292451138605,29.783604856681784,35.60791964445811,12.985550987474065,82128
16.527307094614788,16.68673121750045,41.24794393640548,25.538017751479288,112851
69.90690628815629,15.04611823361823,14.21909849409849,0.8278769841269841,112857
18.192334054834056,22.692218614718616,35.613178210678214,23.502269119769117,112873
13.788492063492066,19.17674603174603,32.542182539682535,34.49257936507937,112875
76.80712898212899,11.30216588966589,11.380982905982908,0.5097222222222222,112877
32.732692307692304,34.37991452991453,21.901495726495725,10.985897435897433,73727
40.073647312283676,20.410865649502014,32.1633732429187,7.3521137952956135,112891
27.57724867724868,36.22919973544974,22.928273809523805,13.265277777777778,112893
10.06557715788485,31.092004790081717,35.28227904574059,23.56013900629285,35077
28.483272283272285,25.215995115995117,27.099420024420024,19.201312576312578,35081
47.00912837162837,17.234204684204684,26.179741092241095,9.576925851925852,112915
63.33115079365079,22.31793650793651,12.952499999999997,1.3984126984126983,110897
38.35705128205128,29.624864024864028,22.184654234654236,9.833430458430458,78136
8.677501344809036,26.712851891698048,45.152671687287075,19.456975076205843,78139
20.284727452035142,34.669986850756075,29.656610483533562,15.388675213675212,78142
42.26727631343015,25.271543840774616,24.929074771382467,7.532105074412768,78144
21.126456876456874,33.25337995337995,29.836169386169388,15.783993783993783,78146
20.240166975881262,13.989051226551226,48.64068748711606,17.13009431045145,110917
36.60987623487623,27.58109113109113,25.952647352647354,9.856385281385283,78150
21.444063415217258,33.586698344390655,23.54362112246728,21.425617117924812,110919
12.539115646258503,28.99542778649922,40.76234955520669,17.703107012035584,110921
14.594755244755245,25.79520202020202,34.38749028749028,25.222552447552452,80204
38.21116846116846,21.233566202316204,30.028895872645865,10.526369463869463,80208
32.592592592592595,27.303493265993268,27.014267676767673,13.089646464646464,80210
10.503681239395524,29.036738261738265,43.01595785167215,17.443622647194072,110931
67.2611871924372,19.296610334110333,12.78873025123025,0.6534722222222222,80219
72.64713619713619,16.835980685980687,9.92534965034965,0.5915334665334666,80234
67.91705163523346,20.156283110828568,11.515985025075935,0.410680228862047,80238
33.27431606854684,24.058575185498263,26.11239038739039,16.55471835856451,76150
79.35848873348873,12.651763051763053,7.678465747215747,0.3112824675324675,80252
13.371810134310133,28.52028642653643,28.19854497354498,29.909358465608463,80254
39.58689771766695,25.358615529769377,22.727103879026963,12.32738287353672,80256
28.96792513042513,24.456505994005994,28.341761016761016,18.233807858807857,76166
67.42779581529581,19.347077922077922,11.909956709956711,1.3151695526695526,76169
9.140892903392905,30.219101269101262,38.3831228956229,22.25688293188293,80265
40.39212252394071,16.790754952118586,26.88380558835104,15.93331693558966,80269
70.29970414201183,9.497090729783036,18.956854043392504,1.2463510848126234,70030
19.595707070707075,29.588961038961035,29.25833333333333,21.55699855699856,80275
17.561471861471862,35.97605273514365,28.550826446280993,17.911648957103502,80277
67.21164021164022,20.479761904761904,11.686375661375664,0.6222222222222221,125333
27.659956709956706,30.880913299663295,22.92089345839346,18.53823653198653,125335
34.97344576719576,26.03320105820106,24.727678571428573,14.265674603174602,125337
21.128395061728398,20.678262786596118,23.58906525573192,34.60427689594357,80282
81.93852883227883,4.037535381285381,13.088246475746475,0.9356893106893107,125339
25.348764198764197,31.088088069338067,23.04947783697784,20.513669894919897,125341
77.32277306027305,11.811877011877014,9.235379897879897,1.62997002997003,125343
29.504642348392352,31.424721574721573,26.750689819439817,12.319946257446256,125345
19.084897602397604,25.07465367965368,37.48689227439227,18.353556443556442,80290
23.154377104377105,30.75753367003367,30.6947601010101,15.393329124579125,125347
19.702849927849925,18.70203823953824,48.55230880230881,13.04280303030303,80292
38.66240611240611,26.885470085470086,23.66204027454027,10.790083527583528,113063
72.13063186813187,11.651556776556776,14.874801587301585,1.3430097680097681,113065
14.850559163059165,32.29608585858586,29.459430615680613,23.39392436267436,113069
61.53429625929627,23.80148185148185,13.11620046620047,1.548021423021423,115119
78.2168858918859,16.782004107004106,4.542776667776668,0.45833333333333337,125363
25.199888747616015,17.397614254432437,47.8893303666031,9.513166631348449,125365
8.414393939393939,25.35925740925741,32.99801032301032,33.22833832833833,125367
26.0942118487573,30.86789952471771,27.576085278358004,15.461803348166985,125371
31.105569430569428,21.19006448097357,28.330081282354005,19.374284806102988,125373
11.021189921189922,19.665084915084915,31.42982017982018,37.88390498390498,125375
18.66609977324263,13.621230158730157,51.1092120181406,16.603458049886623,115137
21.677680454466174,26.584635602492746,28.01040626040626,23.727277682634828,74178
15.545273245273243,30.895703833203836,28.113463157213157,25.445559764309763,113091
19.407315501958358,30.381835030049313,34.0898914577486,16.120958010243726,115143
13.489393939393938,30.706042568542568,43.36172438672439,12.442839105339104,74185
84.48143315018316,3.83830636955637,11.371652421652422,0.3086080586080586,125387
37.100425764711474,29.468274978989264,23.728072919144346,9.703226337154907,74189
25.388635859090403,12.557373182373182,51.478169809987996,10.575821148548421,109006
21.330375180375178,14.662842712842716,49.26533189033189,14.741450216450216,109007
18.07462283087283,39.14999676249676,25.39483132608133,17.38054908054908,125391
34.26144197682659,22.104088859858088,26.682086289778592,16.95238287353672,74193
43.774701056519234,27.99185133048769,18.682443314261494,9.551004298731572,109009
16.93145956607495,20.72623274161736,39.67961867192636,22.66268902038133,115157
76.46955821955822,4.792421467421467,15.453882922632923,3.28413739038739,125397
18.495221445221443,45.90860528360528,23.297261072261072,12.298912198912198,125399
34.3788621101121,21.286154123654125,33.44965104340104,10.885332722832723,109017
83.92229437229436,8.091666666666667,7.366341991341991,0.6196969696969696,125401
86.60001412728685,3.9727873136964047,9.343282475100656,0.08391608391608392,125403
42.11836197990045,24.077207194514887,19.55156382079459,14.252867004790083,74205
78.93478119103119,11.95213790838791,8.732774864024865,0.3803060365560366,82398
69.47324918671073,7.399748115132732,22.71136449021064,0.4156382079459003,74207
22.70070901320901,29.629241129241127,26.840598290598294,20.829451566951565,82400
15.537895437895438,19.231080031080033,52.50306915306915,12.727955377955379,115167
16.304797979797982,28.19308319885243,36.8085679277987,18.693550893550892,115169
14.775453514739228,29.976955782312924,33.05294784580499,22.194642857142856,78307
66.6179908054908,15.051876826876827,15.997162097162096,2.33297027047027,82404
16.99441846032755,31.773198518653064,30.289972905881996,20.94241011513739,109028
81.73190883190884,4.988516576016576,12.732896270396273,0.5466783216783218,82406
7.72781536645173,21.31188357097448,42.446641994369266,28.513659068204518,35303
40.2569234006734,17.226073232323234,22.442550505050505,20.07445286195286,109030
23.939281871974178,27.83287012133166,31.9293676409061,16.29848036578806,78313
44.287145493395485,18.72344114219114,22.82752525252525,14.16188811188811,109032
78.93196040071041,5.720852758352759,13.04221611721612,2.3049707237207238,109033
25.924633699633702,30.415170940170935,24.46622405372406,19.19397130647131,125411
26.17348484848485,32.642272727272726,18.884015151515154,22.300227272727273,125413
23.74417748917749,38.65621933621934,17.248474025974026,20.35112914862915,125415
80.98599020027591,4.039520598449171,12.358440369154653,2.616048832120261,78319
42.26597823472823,22.058327320827328,22.169399350649353,13.50629509379509,109039
21.540184815184816,33.6185052321416,24.102184684002864,20.739125268670723,78321
22.796523476523475,27.48604506604507,29.837374847374843,19.880056610056606,125417
15.696256212922881,35.98005050505051,22.65432499599166,25.669368286034953,125419
20.00585399449036,21.112507946598853,26.687857596948504,32.193780461962284,82420
27.67110688456842,21.010545224006762,29.726927773081623,21.591420118343198,115189
13.524343434343436,34.48307359307359,27.66184343434343,24.330739538239538,125423
17.271239871239874,32.29818376068376,25.324737762237763,25.105838605838606,125425
19.502744708994708,23.926554232804232,29.292923280423278,27.277777777777775,109052
19.9689424001924,24.26559967809968,23.047551522551526,32.717906399156405,109056
10.478435239973702,18.758990795529257,42.885502958579885,27.877071005917156,115201
86.76987094102478,4.364146964146965,8.460656651041267,0.4053254437869823,111109
16.321691734191734,30.28720931845932,22.376346107596106,31.01475283975284,78343
24.684090677840675,28.652750952750953,29.369505957005956,17.293652412402412,115207
24.241169709919706,26.78461237836238,22.245770433270433,26.728447478447478,78345
12.30129662004662,21.717472804972804,30.727489639989642,35.25374093499094,78347
20.66149961149961,22.91021756021756,23.293803418803417,33.13447940947942,109068
17.942736661486663,26.828800828800834,35.5529088966589,19.675553613053616,115213
20.359199134199137,24.779797979797983,30.52454906204906,24.336453823953825,35343
36.34262265512266,25.034382086167803,27.72625231910946,10.896742939600083,35345
12.950833333333332,25.436666666666667,28.88416666666667,32.72833333333333,74258
29.005378946450374,17.631109366823654,37.43924428745857,15.924267399267398,35347
11.425275482093666,27.770454545454548,26.94517906336088,33.85909090909091,109073
19.555947293447293,38.96919515669516,27.92658475783476,13.548272792022793,115217
19.139626577126577,13.070678164428164,52.0183658933659,15.771329365079367,115219
12.880858262108262,27.941455535205534,38.37229853479853,20.80538766788767,115223
12.650183150183151,34.36396082549929,30.013322788322792,22.972533235994774,111129
17.66713772338772,33.4584336959337,28.740085146335147,20.13434343434343,115225
19.13166231916232,25.672795954045952,40.60282772782773,14.592713998964,82461
74.76570975320975,15.545535251785251,9.187597587597587,0.5011574074074074,115229
53.78928571428572,19.232756132756137,16.378823953823954,10.5991341991342,35360
37.9941792004292,22.80519318644319,30.899529868279867,8.301097744847743,82464
17.66304181929182,34.94500407000407,34.7783017908018,12.61365231990232,115233
25.692328042328043,26.57159391534392,25.540906084656083,22.19517195767196,115235
70.81962977498692,6.503248735391593,22.44282007674865,0.23430141287284148,109092
41.909304584304586,20.707342657342657,28.653496503496495,8.729856254856255,115239
11.098737800660878,24.953637388252773,36.43243871513102,27.515186095955332,115241
31.2098337559876,24.745787545787547,27.353592561284866,16.690786136939984,115243
13.710879629629629,29.054110704110702,31.50813746438746,25.7268722018722,111151
18.388300865800865,32.96917388167388,29.346269841269844,19.296255411255412,74290
51.483015397301116,19.148417059131344,25.93071373071373,3.4378538128538128,109107
25.18988352916924,17.012110904968047,44.83609307359308,12.961912492269635,82484
70.56461825211827,9.764774346024346,16.727405927405925,2.9432014744514743,35384
19.09458943833944,24.327408933658933,34.149722730972734,22.428278897028893,35386
72.15087412587414,6.579242424242425,17.504405594405597,3.7654778554778554,74298
19.626282282532284,23.935306591556593,43.470619195619186,12.96779193029193,111165
81.29256438006438,5.847482378732379,12.859953241203243,0.0,70207
63.85103658967295,14.737782167327623,18.147254513163602,3.2639267298358208,74304
36.232844932844934,30.75085331335331,22.897893772893774,10.118407980907978,109119
17.4809546514092,26.75665496120042,48.21253998526725,7.54985040212313,111167
69.29531533281533,18.48848605098605,11.628885003885003,0.5873136123136123,72259
44.40304695304695,20.056907738725922,25.923239891421712,9.616805416805418,74308
28.914788914788915,21.18252233877234,38.4456074018574,11.457081344581342,70214
12.54481351981352,32.6774087024087,36.50990675990677,18.26787101787102,74314
79.26833015469379,6.031486190577099,14.479797979797981,0.22038567493112945,74320
30.314461820231045,23.05216001946771,33.141285850901234,13.4920923094,72274
22.314762420119564,25.971540364397505,33.54224109224109,18.171456123241835,109139
72.43559000523285,14.152884615384618,12.400680272108843,1.0108451072736788,109140
29.344259312116456,33.55554227518513,29.165301167086884,7.934897245611531,70230
74.74701109076108,6.189570614570614,18.513143569393566,0.5502747252747253,109143
28.518776930140564,26.15835805608533,34.68972239881331,10.633142614960796,74328
6.855327311577312,17.85016025641026,46.21924533799534,29.075267094017097,82521
9.38329095147277,34.180009889100795,30.409256904711448,26.027442254714984,74330
17.27489668451207,15.667843054381516,57.46294730910115,9.59431295200526,72283
17.538403515676244,25.119175521448252,37.390374524465436,19.952046438410076,125531
63.46563329832561,14.908653099037716,18.287309058462906,3.338404544173774,72285
64.24265086765085,10.822543891293892,21.82038586413586,3.114419376919377,82525
13.819993390447934,19.452857243766335,44.15869887688069,22.568450488905032,125533
74.33674057424058,17.381051356051355,7.840243783993784,0.44196428571428575,82529
38.30498737373737,21.684027777777775,23.755366161616163,16.25561868686869,82533
22.89180772930773,14.164462620712621,50.07034608909609,12.873383560883562,82539
79.447413003663,6.835100085100085,13.320650414400413,0.3968364968364968,82541
34.22832075332075,14.520102813852814,39.081385512635514,12.170190920190919,82543
39.11071024934661,16.644359680723316,21.23397435897436,23.01095571095571,82547
38.35456719206719,20.563843795093796,23.575605413105418,17.5059835997336,109177
40.36986346986347,24.05232730232731,27.922214128464123,7.655595099345099,82554
17.604450347632167,31.696786042240582,23.51361340679522,27.18515020333202,82558
16.326905964405963,33.286664261664264,37.14927549302549,13.23715428090428,109191
9.246871058234696,26.851965963329597,40.063024601660956,23.83813837677474,70284
29.10631174381174,17.319182900432903,45.841740897990896,7.732764457764456,111255
38.746151996151994,15.306773088023085,32.807614838864836,13.139460076960077,111257
60.16483886483888,22.84680735930736,16.3830297017797,0.6053240740740741,111259
86.19067714692714,3.366636141636142,10.194335063085063,0.24835164835164836,111261
82.73455687830688,9.842261904761905,7.2565145502645505,0.16666666666666666,111265
64.87329545454546,22.34318181818182,12.37590488215488,0.4076178451178451,111267
14.043325920111636,25.466067067852777,31.776846764346764,28.71376024768882,78502
14.193634341848627,24.93265623265623,30.535574940932083,30.338134484563053,78504
19.872049379192237,24.429704818990533,33.69120661084947,22.00703919096776,78506
49.46000784929357,20.421016483516485,20.86749084249084,9.251484824699109,78508
17.547768897768897,29.97030677655678,25.00107184482184,27.48085248085248,76462
28.457921245421243,20.055982905982905,38.12389346764346,13.36220238095238,76464
40.62182024324881,24.208420944135234,24.689641311069884,10.480117501546072,78512
23.58474538282231,21.68876337337876,31.930461418922956,22.79602982487598,78534
16.552097902097902,37.53049130356822,23.276819974896895,22.64059081943697,72402
20.61546829239137,31.682433805510723,30.87333243679398,16.828765465303924,72404
27.824512987012984,23.458630952380954,38.1071158008658,10.60974025974026,80597
65.56421911421911,15.316472416472415,18.030439005439003,1.088869463869464,78550
24.44960826210826,27.392742673992675,31.29820411070411,16.859444953194956,72407
20.81629229356502,22.666534223352404,42.523513103058555,13.993660380024016,78552
30.810861823361822,24.18893213268213,35.628909747659755,9.371296296296297,80599
16.56381673881674,31.323593073593074,25.58730158730159,26.5252886002886,78554
20.98353377391839,29.15344271113502,40.01473078203848,9.848292732908117,72411
67.62789609380519,10.507144875326695,21.247603658967293,0.6173553719008265,78556
29.42051410128333,13.916262583570276,47.94227674035366,8.720946574792729,72413
14.582502913752913,22.359100621600618,39.55501651126651,23.50337995337996,72415
72.24256551529278,7.731715758988488,19.916627816627816,0.10909090909090909,78560
25.36661735700197,37.30626232741617,20.92407955292571,16.403040762656143,72420
82.81039944903581,3.8373507805325984,12.94178145087236,0.41046831955922863,78564
29.809592971131433,28.2478408343793,24.68005050505051,17.262515689438764,72426
15.156877447948876,21.77755617398475,28.848796639868066,34.216769738198316,35565
29.484415584415583,20.498408690075355,44.24108946608946,5.776086259419593,80621
32.4956820956821,27.367762792762797,30.037949087949087,10.098606023606024,80625
32.3947681947682,19.807446257446255,36.13115341448675,11.666632133298798,80627
76.12420426795427,5.500153318903319,14.601921689421692,3.7737207237207233,76532
20.45147198480532,32.326353276353274,25.31918328584995,21.90299145299145,80629
84.740511625127,10.853293287908674,4.406195086964318,0.0,72446
19.462134162134166,32.98631021756022,33.98164335664335,13.569912263662268,76542
80.92912296037296,11.322623672623672,7.392128010878011,0.3561253561253561,76544
15.389201183431952,32.179783037475346,28.152662721893496,24.278353057199208,72452
22.99678862803863,27.62144383394384,36.394047387797386,12.987720150220149,76548
27.39322066822067,24.573523698523697,30.011344211344205,18.021911421911422,35591
81.03943001443001,10.345893458393457,7.938750601250601,0.6759259259259259,76558
13.039657795907798,26.18062516187516,39.46162263662264,21.318094405594405,76562
12.882201132201134,36.483605746105745,29.32605773855774,21.308135383135383,76564
71.4868131868132,11.11090448013525,15.327458438996901,2.074823894054663,80660
19.42629848783695,22.56860618014464,37.677892833662064,20.327202498356346,80662
8.758984302734303,23.759003727753726,40.81132894882895,26.67068302068302,76570
67.99960988085988,19.454990611240614,11.98222610722611,0.5631734006734006,76572
18.88503787878788,25.552041245791255,28.251220538720546,27.311700336700337,80668
16.853668553668555,36.361874236874236,30.274406149406147,16.510051060051065,35615
80.99561965811967,12.390438034188035,6.521349715099714,0.0925925925925926,70436
80.92228697228698,13.004841686091686,5.812349456099455,0.26052188552188554,76580
80.96285774410772,12.261951243201244,6.40296879046879,0.37222222222222223,76582
82.0144536019536,8.640445665445666,8.432951770451771,0.9121489621489621,80676
16.909674584674587,23.203968022718026,41.37197039072039,18.514387001887002,74536
30.865263209013207,23.687883644133645,29.73557206682207,15.71128108003108,80678
78.40945258445258,14.076752645502644,7.05724715099715,0.45654761904761904,76588
30.784304584304586,34.14980574980576,24.54555167055167,10.520337995337997,76590
19.728093665593665,28.376523707773703,26.753672484922486,25.141710141710146,74543
84.61641067266066,4.580981980981981,10.443144586894588,0.35946275946275946,74545
60.88033078033077,16.027540621771394,20.167873579412042,2.9242550184857876,76594
15.269616494616495,35.03347231472231,38.398737373737376,11.298173816923816,70451
69.68006544737314,8.755211455211455,18.677442429365506,2.887280668049899,76596
87.51377488252488,3.071122627372627,9.166750841750842,0.24835164835164836,74551
71.55530303030304,6.801969696969697,17.224015151515154,4.418712121212121,80696
33.652555273009824,20.60167282212737,38.77360366905822,6.972168235804599,82745
72.96144434269434,6.958999796499796,19.624855006105008,0.4547008547008547,74553
57.55074344847072,19.406724588542772,15.240110899201808,7.8024210637847,82747
67.60657467532468,7.434812409812409,20.423674242424244,4.534938672438672,76601
21.59450485412024,23.11308349769888,32.54057843865536,22.75183320952552,76603
45.21866210712364,23.8113873306181,21.538102922718306,9.431847639539948,76605
72.7647516835017,10.764099326599329,15.727462121212122,0.7436868686868686,74558
15.25787037037037,33.43518518518519,26.782175925925923,24.524768518518517,74560
48.220502981866616,21.78687903006085,22.25767944177035,7.734938546302183,82753
28.843136724386724,25.710206228956228,33.341949254449254,12.10470779220779,74564
22.87342518592519,27.783628408628413,27.737611693861695,21.605334711584714,82757
12.994612710521801,28.974336269790818,28.70702782066418,29.324023199023202,82759
15.00108225108225,33.50606060606061,36.04790764790764,15.444949494949496,82761
21.613164108618655,33.75996326905418,30.777800734618914,13.84907188770825,82767
25.43970132431671,15.871301775147929,47.128356686049,11.560640214486368,115535
36.10452249770431,32.12145808736718,25.364380821199006,6.409638593729503,70484
32.832698711544865,20.222417966648734,33.063822075360534,13.881061246445862,115549
23.05223387723388,16.100658956428187,49.986021457175305,10.861085709162634,115553
73.47231772856772,18.27338124838125,7.990412134162134,0.2638888888888889,70504
65.25899216524216,17.331641737891736,16.436698717948715,0.9726673789173789,70506
28.77809523809524,26.872023809523807,34.11142857142857,10.238452380952381,115577
18.9456936226167,26.195710059171596,29.847255095332024,25.011341222879686,109435
31.423927692677697,32.02145886520887,25.643438968438968,10.911174473674473,70537
19.039393299008683,20.08622851507467,41.63737992776454,19.236998258152106,109452
21.54088827838828,27.24784798534799,25.63909493284493,25.572168803418805,115597
25.88026225910841,20.372671986133525,27.500614342922038,26.246451411836027,72591
16.28992650867651,35.48006345506346,28.191668285418285,20.03834175084175,115599
28.68482116174424,30.110640001024617,22.32058497058497,18.883953866646173,72593
21.377050264550263,24.41071428571429,33.4135582010582,20.798677248677247,115601
24.502642496392497,28.704422198172196,23.735591029341027,23.05734427609428,72595
25.416605616605615,21.448992673992674,28.40161782661783,24.732783882783885,72597
40.921663290413285,28.365086071336076,21.915136715136715,8.798113923113924,115605
20.995409505024888,27.802726120033814,30.740656992580064,20.46120738236123,72601
18.736975524475522,25.322437516187517,25.58210955710956,30.358477402227404,115609
16.703896103896103,26.59226699226699,30.564233914233913,26.13960298960299,115611
75.70304945054944,8.361714119214119,15.159032634032632,0.7762037962037962,72605
20.122357503607503,22.604695767195764,48.245824314574314,9.027122414622413,115617
18.195791245791245,32.01241582491582,26.265193602693603,23.526599326599328,115621
27.006750727904578,30.42187918918688,33.44848143309681,9.122888649811726,109479
27.723106060606057,26.09613636363636,28.758535353535354,17.422222222222224,72616
20.41007834757835,42.00644586894587,18.81860754985755,18.764868233618234,115625
10.18933080808081,28.989194832944833,31.339321095571094,29.482153263403262,115631
18.778951817413358,21.78825021132713,41.52424626655396,17.908551704705552,72624
12.522123015873015,9.710416666666667,62.34285714285715,15.424603174603176,72626
11.53183621933622,35.660533910533914,26.14130892255892,26.666320947570952,115635
20.815088383838383,34.49463383838384,22.85536616161616,21.83491161616162,72628
52.76411110257263,21.459839092531404,18.927859320167013,6.8481904847289465,72630
34.65142208219131,20.5012205742975,37.054729885499114,7.792627458012072,72636
60.84982874268589,11.560570976642405,23.55347152847153,4.03612875220018,76737
30.21909201909202,36.71279906961725,21.7782757646394,11.289833146651329,115655
24.109992784992787,9.429112554112555,58.95955988455989,7.501334776334776,115657
13.067449217449216,29.193181818181817,43.7771645021645,13.962204462204463,80843
10.860693599329963,30.35164456755366,32.909082079536624,25.878579753579753,115661
11.999448005698005,19.63719243719244,42.18607064232064,26.177288914788917,76751
20.44638047138047,32.024389730639726,26.230744949494948,21.298484848484847,76753
71.230981896891,12.25668044077135,14.955962219598582,1.5563754427390792,115665
20.156497668997673,23.95854700854701,43.54434523809524,12.340610084360085,76755
28.95068800247372,12.643684291898579,49.961533704390845,8.44409400123686,80851
26.420441826691828,12.896614265364265,46.32872058497059,14.354223322973326,76761
27.847332759832756,18.05864922114922,38.53111333111333,15.562904687904686,76764
13.467567155067153,19.543088624338623,40.84134106634107,26.148003154253157,76778
18.054629629629627,28.24436026936027,41.23603896103896,12.46497113997114,76790
8.769500561167227,23.359764309764312,33.59309764309764,34.277637485970814,76794
56.67437069103736,17.590989257655924,18.458164983164984,7.276475068141735,76796
71.67185613531765,16.707318749626438,10.91283694937541,0.7079881656804734,83051
73.33989151873767,15.75964825772518,10.340548980933598,0.5599112426035503,83055
17.202661227661228,16.607653457653456,28.495435120435122,37.694250194250195,83059
7.962606837606837,25.795792241946085,36.89806048652202,29.34354043392505,83083
12.233765593380978,27.784827352135046,38.96645042991197,21.01495662457201,83087
18.23252602098756,27.811436426821043,31.71092796092796,22.245109591263436,83089
42.81230500268961,28.53408941485865,17.55393281931744,11.0996727631343,83091
21.888954479863575,34.055611307884035,30.512547553456645,13.542886658795748,83107
87.84480327364942,7.3195368733830275,4.835659852967546,0.0,83117
57.22732459847844,19.33335510643203,14.099376691684382,9.339943603405143,83127
29.690495867768597,13.854614325068873,42.47382920110193,13.981060606060606,83131
11.555006105006104,30.794703907203903,29.18478021978022,28.46550976800977,83133
15.10136113886114,21.57110805860806,29.55424159174159,33.77328921078921,83135
47.7324925074925,20.687010464283187,23.24956281092645,8.330934217297854,83137
21.445959595959597,44.3199494949495,20.94393939393939,13.290151515151514,83139
21.874327187963555,32.01570777707141,19.190082644628102,26.919882390336934,83141
22.021060606060608,22.811969696969697,27.022424242424243,28.144545454545455,83143
9.011227106227107,25.994172771672773,31.6143253968254,33.38027472527473,83145
58.24168771043771,16.94269943019943,21.793857993857994,3.0217548655048656,83151
70.74521658896658,6.96171004921005,22.193073361823362,0.09999999999999999,83153
69.98903642653643,14.639692714692714,14.246817765567764,1.1244530932030932,83157
30.717863954227592,24.436522568340752,26.330117609663066,18.515495867768593,83163
64.71894771894772,12.47902097902098,21.117973692973692,1.6840576090576092,115931
79.09893515575332,8.921717423990152,10.978471528471529,1.0008758917849827,83171
22.591282959464777,44.82286829332284,23.00366325593598,9.5821854912764,83175
25.09099915236279,24.606622165713073,38.281533870170236,12.020844811753902,83178
56.183621933621936,13.396464646464645,25.836038961038962,4.583874458874458,115949
19.1641975308642,21.625094966761637,38.973765432098766,20.236942070275404,115951
31.179383116883116,30.534271284271284,22.268632756132753,16.017712842712843,115953
71.03047709865892,6.3123323646050915,20.531106772015864,2.1260837647201285,115957
70.58742646242648,7.2844377844377854,22.050213675213673,0.07792207792207792,83190
85.82377622377622,5.745934620934621,7.723862248862248,0.7064269064269064,115959
55.52891300618574,18.134460489005946,23.119217651035832,3.21740885377249,83192
69.76760461760462,9.868326118326118,19.43189033189033,0.9321789321789321,115961
27.479700854700855,28.41249028749029,24.59974747474747,19.50806138306138,115965
29.593290043290043,27.6951331496786,25.399865538501903,17.31171126852945,115967
14.782960726142546,20.31537578583033,42.25163699936427,22.650026488662856,115969
27.015481740481743,30.991303141303145,30.737803862803865,11.255411255411255,115971
17.926508592417683,19.383211990030173,47.93470418470418,14.755575232847962,115985
16.472047397047394,36.487876012876015,36.11176046176046,10.928316128316128,115987
23.557870370370367,29.865608465608464,26.665443121693126,19.911078042328043,115989
27.277745402745406,29.48149605024605,31.166901385651386,12.073857161357163,77081
23.33862433862434,18.33531746031746,29.271759259259255,29.054298941798944,77083
77.44461741961742,8.414295889295888,13.426068376068377,0.715018315018315,115995
62.424855699855705,20.983901515151516,15.954834054834054,0.6364087301587302,115997
56.7517013079513,27.05106675731675,15.124104830354831,1.0731271043771045,115999
15.787388167388167,31.442106782106787,33.87194444444445,18.898560606060606,77089
66.54823232323233,20.477335858585864,12.469591750841749,0.5048400673400674,116001
61.65324582824582,13.332122507122508,22.92320241486908,2.091429249762583,77091
20.352943121693126,24.50641534391535,27.84973544973545,27.290906084656083,116003
23.366198616198616,26.54679232804233,39.305395299145296,10.781613756613758,116005
16.481228956228957,25.397032828282832,35.66271043771044,22.459027777777777,116007
32.19788267288267,41.74226884226884,19.042191142191147,7.017657342657343,34094
61.095472120472124,14.601373626373627,17.177223239723237,7.125931013431013,116015
22.731016458289186,34.362152998516635,27.54967507240234,15.357155470791836,77105
47.53796134421134,19.232455969955968,22.162289562289562,11.067293123543124,116017
40.31286375661375,23.01719576719577,23.215873015873015,13.454067460317463,116019
15.67087143625605,30.529007530930606,32.03229783037475,21.76782320243859,34102
12.406973581973581,26.915248640248638,37.42892385392385,23.248853923853925,116027
71.13431504393043,10.012511206741976,17.481091984938136,1.3720817643894565,34111
27.26688311688312,27.8497113997114,27.147258297258293,17.736147186147186,116033
19.296103896103894,14.231818181818182,55.09765512265512,11.3744227994228,116035
30.42416043552407,24.561629279811097,33.09272596090778,11.921484323757051,77124
15.821527777777776,31.035819735819732,32.64630924630925,20.49634324009324,116037
26.27252192252193,37.61704522329522,16.01813348688349,20.09229936729937,116039
20.234490740740743,19.235416666666662,27.786805555555556,32.743287037037035,116041
18.98929227338318,29.411124229306044,28.745031483667848,22.854552013642923,77130
16.804770923520923,24.35267857142857,48.48476731601732,10.357783189033189,116045
68.99823232323232,16.49368686868687,13.854040404040402,0.6540404040404041,77134
10.350694444444445,26.78539562289562,36.12546296296296,26.73844696969697,116047
66.80968425513879,13.819259023804479,17.763334392879845,1.6077223281768733,77136
14.32291666666667,25.09556878306878,37.86934523809524,22.712169312169312,116051
20.423737373737374,27.508838383838384,31.976262626262624,20.091161616161617,77142
72.625567361931,17.77551160960252,9.063567493112949,0.5353535353535354,77154
19.477984137075047,23.86815129315129,48.33256339619975,8.321301173573902,77165
17.31534753125662,35.94697877879696,33.23163805891079,13.506035631035632,77171
17.33617724867725,22.730357142857144,48.355522486772486,11.577943121693123,124283
22.668743377834286,27.195851118578393,38.84537936810664,11.29002613548068,77195
7.771488554180862,22.569720877413186,36.935160779391545,32.7236297890144,124299
11.927446485138793,26.490380132687825,37.03352651621883,24.54864686595456,114073
13.029234654234653,33.18723776223776,26.208197358197364,27.575330225330223,114075
28.62948162948163,25.748853923853922,29.027453102453105,16.594211344211345,83360
11.334031353262121,36.67615205307513,39.4401555709248,12.549661022737949,114081
79.946336996337,5.349575424575425,14.70408757908758,0.0,83362
8.73145188145188,21.335403485403486,27.419594294594294,42.513550338550345,114083
33.828088578088575,26.3011655011655,26.188469863469866,13.682276057276058,83365
11.192055167055166,23.567726077341458,33.88921463152232,31.351004124081044,83372
28.850213675213677,40.15876068376068,18.363034188034188,12.627991452991454,124339
