MA,KU,KS,MUU
0.015923899274425134,0.0844161637675222,0.44012112861636365,0.4595388083416891
0.04120462373235211,0.2224114039788595,0.295390506604274,0.44099346568451436
0.02442685350287095,0.13231521030563248,0.43998306163048,0.40327487456101657
0.023007239313983994,0.10799088585222238,0.472232611691842,0.3967692631419514
0.09609208281773482,0.17041047875032955,0.378892941316321,0.35460449711561454
0.012426807042386885,0.07300349123544814,0.2375855723075916,0.6769841294145733
0.51360494946291,0.1738646537854668,0.29657020895407427,0.015960187797548944
0.01734385885263613,0.08637848739967272,0.6136818996748595,0.2825957540728313
0.02173825436768435,0.13773354671739949,0.45390474503036854,0.38662345388454744
0.9644215461106301,0.009194038034785712,0.026210726267311787,0.0001736895872721593
0.08275054768573797,0.3850655105298621,0.4492830437385558,0.0829008980458442
0.054337034035824495,0.24805159950519648,0.37124169534545287,0.32636967111352616
0.6802525445949088,0.23864923934540505,0.07305537127401802,0.008042844785667991
0.04319044939120783,0.15145468459454534,0.5031395646210296,0.302215301393217
0.1389428535830364,0.3023654293319033,0.47028086381970846,0.08841085326535189
0.11682492204331667,0.8096325794218115,0.06293097470422784,0.010611523830643477
0.7538211155319918,0.13231938013757596,0.10635019514780879,0.007509309182623608
0.6118523690512787,0.310043116597723,0.0756721227891871,0.0024323915618112545
0.08356070703141198,0.40288860542681376,0.28857123098770887,0.2249794565540654
0.06368265877845372,0.3560468051623956,0.45705366685702686,0.12321686920212369
0.29862497474190214,0.49669239436622736,0.12396319989373195,0.08071943099813861
0.15544908398914778,0.29003374381891683,0.48268973505688434,0.07182743713505098
0.03550253746537825,0.24098381699852767,0.375346608161193,0.3481670373749012
0.029659096117341258,0.13632452581476825,0.3574798591626566,0.4765365189052339
0.036243735876651625,0.1552502129855661,0.5585322262932165,0.24997382484456565
0.747421865973219,0.17526091736604854,0.06828813274519219,0.009029083915540172
0.8247862358731664,0.09033309016565783,0.08174217260301787,0.0031385013581583646
0.8803827946976222,0.07484873136000382,0.040663513188382565,0.004104960753991672
0.31987945292760794,0.3869836982327054,0.23754302357386767,0.05559382526581918
0.3639165067834652,0.28937320978256564,0.26650715522008,0.08020312821388945
0.7642757040662892,0.09047270568815603,0.14185462813499725,0.0033969621105579347
0.15333782731816228,0.25479002861618755,0.4683136192890678,0.12355852477658238
0.8910573579932971,0.05961469485608937,0.0463421635908302,0.002985783559783081
0.9515266490479628,0.014534393475065285,0.03166494830955902,0.002274009167412617
0.676248762516976,0.2441972979400744,0.06933725031083608,0.010216689232113567
0.03381382756129609,0.07011034015641854,0.5186193777847662,0.377456454497519
0.583514788950783,0.32578517240286337,0.08464136053635155,0.006058678110002146
0.8201755964509324,0.06959331414766913,0.09851219828546036,0.011718891115938317
0.08762261840135054,0.3888514538674412,0.32709480267264285,0.19643112505856547
0.6074161890665559,0.13950041574251829,0.233762902067678,0.019320493123247667
0.739490434404828,0.1711588419388517,0.0819449555858502,0.00740576807046997
0.679777633273261,0.25002186943715754,0.06579714944168474,0.004403347847896806
0.8514817760274989,0.06476174159141179,0.07091716820222489,0.012839314178864731
0.9205129567728408,0.024023457456717506,0.05314106231018648,0.0023225234602552223
0.9235677434487813,0.01954977695861838,0.05611046991479106,0.0007720096778091153
0.16456739454647182,0.20369154734154293,0.49692713836837016,0.13481391974361542
0.897618534556073,0.056603404169611335,0.04231125957965844,0.003466801694657189
0.02441036378557949,0.08681944095310255,0.6847198917852988,0.20405030347601913
0.6101767523569253,0.1470003738098126,0.22569652807377366,0.017126345759488345
0.03420838565027057,0.14407849490503705,0.5273502886980669,0.29436283074662545
0.9690688302371406,0.005263802210178301,0.025646985080075076,2.038247260569548e-05
0.6995548445723597,0.2204383294222209,0.07199395724377868,0.008012868761640727
0.8941674914453625,0.040597576407527695,0.06304075490824013,0.0021941772388695503
0.0535505753151724,0.29979495864027994,0.40545705301410595,0.24119741303044173
0.15266666876234267,0.39368682109735204,0.3655803615917263,0.08806614854857847
0.0008884236297727302,0.042285726477189804,0.1506167762337663,0.8062090736592716
0.9327551929569147,0.016781126450988438,0.04962825694323673,0.0008354236488602802
0.25096380525164463,0.34344995236619846,0.3218935720029442,0.08369267037921252
0.5952781002275487,0.3274607845566679,0.07444710961442533,0.0028140056013581938
0.14682718694348834,0.7764257279356046,0.06587043346883288,0.010876651652074134
0.14942346132285922,0.7792574983886358,0.06148791517408693,0.009831125114418159
0.3085839578098896,0.0871719309668424,0.5248065490075676,0.07943756221569989
0.30293577425667806,0.5743979094631939,0.10569184473624076,0.016974471543887273
0.3537166369266139,0.5147257906371798,0.11340515133792288,0.01815242109828328
0.6465890099658331,0.2769680699253889,0.07242143465632096,0.0040214854524570085
0.017835927294697768,0.1745896226858675,0.3063993293229124,0.5011751206965223
0.05450574681041343,0.805680788674122,0.10642425762039669,0.03338920689506758
0.04529713529299313,0.20733887073972673,0.6459129994896048,0.10145099447767526
0.6577498045980706,0.26071904070260155,0.06924953897487952,0.012281615724447983
0.08252859293402,0.384070325663689,0.46257243646723345,0.07082864493505757
0.032814547445008634,0.20089819825611446,0.3802457828681199,0.38604147143075723
0.09261663791574262,0.12111250296812372,0.7355007375584657,0.050770121557667816
0.3974946893137064,0.2325084316540031,0.2919036927295696,0.07809318630272066
0.20439284590111523,0.25514968899038737,0.42440145217490055,0.11605601293359684
0.4848421376681296,0.24242501322294022,0.2509549454403428,0.021777903668587277
0.8358295172935936,0.0781195121777102,0.07218125540810365,0.013869715120592587
0.8516825614903307,0.11366851485081886,0.029160856040707762,0.005488067618142942
0.025578515640276803,0.14965389235209567,0.5186154717116762,0.30615212029595157
0.13983221534256685,0.7953668974591177,0.05399606254287773,0.010804824655437832
0.138427214613854,0.6836774731890632,0.12261225345840326,0.055283058738679385
0.9573473999475327,0.017422358682731395,0.020036934989465967,0.0051933063802695675
0.6385868518209254,0.27178560748344227,0.07725355391482436,0.012373986780807901
0.6190184037262373,0.18352601415033362,0.15309831415287045,0.044357267970558646
0.034743157523138224,0.17676770757993304,0.4404776754805036,0.3480114594164251
0.026091384400529317,0.12043196871790711,0.553849478291439,0.29962716859012456
0.04743067293534613,0.24412912321321203,0.6171892545643575,0.09125094928708441
0.15306348174487983,0.6196308062878719,0.1442330671460964,0.08307264482115183
0.8609068933735885,0.09025351354371196,0.045897047233883034,0.002942545848816647
0.021911746589663217,0.044311263047322115,0.40520106745788576,0.5285759229051287
0.023188435600795247,0.8423702045510986,0.10141105558311596,0.033030304264990054
0.02484714697412178,0.2257374257273397,0.2265174227954709,0.5228980045030674
0.02808462557937217,0.1448421875127953,0.5571589390364665,0.2699142478713658
0.8717307510405179,0.07580902502544175,0.05012965355648753,0.002330570377552434
0.648189009694977,0.2862798949039018,0.061348853014201316,0.004182242386919904
0.22080439906451446,0.5560741380747545,0.14838750041260446,0.07473396244812644
0.06495170971927158,0.2540680605792291,0.612621248318759,0.06835898138274049
0.009824386307844386,0.04239067361767186,0.09464691356902119,0.8531380265054626
0.782151017430713,0.1020677943303297,0.11151073111982049,0.004270457119137159
0.050984082081897336,0.25174673806154874,0.38044245690818457,0.3168267229483694
0.03214625275461985,0.150347540020535,0.6169515219729604,0.20055468525188427
0.04452572076256553,0.18757929431363826,0.4121867486435055,0.35570823628029075
0.05832281710087531,0.223758160755727,0.5484303835338216,0.16948863860957594
0.0271442866408765,0.15908997375176467,0.562874707453548,0.2508910321538111
0.1366919293399816,0.3348111285112027,0.4635345979873731,0.06496234416144282
0.794406132411969,0.12485190885240222,0.0766279718605302,0.004113986875098356
0.7817185463196702,0.08252999157391647,0.11960298064494919,0.016148481461464036
0.8097292363892278,0.07533044071678846,0.09904669579611534,0.015893627097868495
0.10355102520310094,0.2091346277850765,0.46233532095698465,0.22497902605483808
0.01328760222385073,0.04938095053011002,0.19195236418107747,0.7453790830649615
0.05791138407293864,0.35837104184840546,0.35321497912772115,0.2305025949509347
0.0898758656744185,0.39589510787215976,0.29223007172293114,0.22199895473049058
0.06573072674841604,0.16745438209551458,0.6808531511013599,0.08596174005470976
0.24699841082592244,0.6266927014650909,0.10879285879635185,0.01751602891263497
0.5727233832222426,0.26792027832906934,0.14971894369218539,0.009637394756502785
0.010072876369392723,0.025660189659280196,0.09231589984909638,0.8719510341222305
0.01964083898728863,0.0811227146788065,0.5114062424533665,0.3878302038805383
0.2584647475197166,0.170717196717718,0.48802948087940456,0.0827885748831606
0.06577419512142839,0.1860529419403373,0.5877736235710306,0.16039923936720357
0.11072710592167649,0.6031315266561823,0.21000453853283685,0.07613682888930412
0.03138257807414349,0.17499589047728845,0.5057857391631898,0.28783579228537864
0.13073667333207312,0.7993451762944871,0.05976775250926966,0.0101503978641702
0.025453244086274897,0.20346096914944206,0.2333346185196573,0.5377511682446259
0.6377928023199351,0.29134819586084904,0.06779885264538663,0.0030601491738294455
0.6546092301211612,0.28146122260224765,0.061238849891528856,0.0026906973850620765
0.04388589010339482,0.2408963834605678,0.4247890481083411,0.2904286783276964
0.20903480499695148,0.43072301981326716,0.24868961333905798,0.11155256185072356
0.05796329538892752,0.17739823759804435,0.565928921286335,0.1987095457266931
0.03978849508783166,0.12786453685542382,0.5701359074617713,0.26221106059497307
0.12649293619992716,0.800368412297246,0.06277708674703182,0.010361564755794759
0.08460823722020784,0.1631326199017724,0.6634459788974815,0.08881316398053846
0.9243271665890024,0.018247741159260734,0.05660519893991691,0.000819893311819954
0.4141584249268439,0.416198816846024,0.1448694561039164,0.024773302123215993
0.6937372381279097,0.18568780497752255,0.10826256877010655,0.012312388124461419
0.09087755101573697,0.16863434804559677,0.6498312046355917,0.09065689630307468
0.6764907450897124,0.20047523030190542,0.11285809960088944,0.01017592500749282
0.4712151675932329,0.2834188488034166,0.22925885222788,0.01610713137547079
0.05186713159288022,0.13197373179848126,0.7615808867111611,0.05457824989747748
0.020272401343229024,0.13925388027559085,0.3702795871008305,0.4701941312803499
0.8178371912081562,0.05446834372106913,0.12493547699925762,0.0027589880715168298
0.028191170209269152,0.059328680472823206,0.4608616504999103,0.451618498817997
0.06526389233651644,0.16877970368135828,0.6700505283540997,0.09590587562802534
0.8909169081546985,0.03381450597922003,0.06881803465210476,0.0064505512139767344
0.9682207231286761,0.012063905375703454,0.018039638023693766,0.0016757334719266633
0.4388965752620709,0.25458482263719856,0.2275287107915761,0.07898989130915443
0.38382372022344824,0.2687824139085049,0.2714966929897903,0.07589717287825652
0.8037493896268597,0.1027814305171852,0.08825635678151203,0.005212823074443346
0.8265209306857305,0.08860145427182005,0.08232677986913485,0.0025508351733147185
0.4953896795887908,0.38730951028232313,0.10254800408653399,0.014752806042351949
0.9383016239601736,0.028321479255734736,0.0313926151013337,0.001984281682758093
0.2571546892644309,0.675555713764348,0.05897298237401295,0.008316614597208229
0.10904449805551958,0.265572383799306,0.4368530857490816,0.18853003239609276
0.3906165453412667,0.20731880596162267,0.3211671712431534,0.08089747745395712
0.5788407219480806,0.15885484336484043,0.24808248645225614,0.014221948234822868
0.16012908747054666,0.33040040170407303,0.37471637673997804,0.13475413408540243
0.8975514682365443,0.05553558051431697,0.04553435942471255,0.0013785918244264058
0.9844960267634011,0.006705638031492942,0.00876970708906876,2.8628116037246026e-05
0.012479849802004221,0.04774196645372873,0.16284400668109447,0.7769341770631725
0.11380914512526182,0.24919515723527205,0.5642434966989619,0.07275220094050427
0.5929690857276476,0.21464425764325346,0.18052646476106293,0.011860191868035934
0.034402691684954884,0.14439363789737517,0.6174073206482567,0.2037963497694136
0.2551056034461839,0.511003216860472,0.13796958558567363,0.0959215941076706
0.07944578859283019,0.4401449175301776,0.3994992172591275,0.08091007661786458
0.022854134924982693,0.11279240829602756,0.4145199807068615,0.4498334760721279
0.14762833564303643,0.7836899377799093,0.06165118859679405,0.007030537980260619
0.09760535770760699,0.391502259939084,0.3287294581302907,0.18216292422301839
0.6843283641361292,0.19326068648354927,0.11077980315706547,0.011631146223255971
0.02316396489495727,0.0902555937709299,0.5586160414555719,0.3279643998785406
0.022194527963577345,0.12678273739209142,0.6286765591005693,0.22234617554376215
0.8445195060211614,0.05780255222316079,0.07997627101100778,0.017701670744670106
0.03106971147406089,0.12649077519087398,0.3545710180608721,0.48786849527419285
0.7406534254460947,0.11498955172687385,0.13752848170355747,0.006828541123474023
0.5394734495003578,0.20048065924775554,0.24656393169926566,0.013481959552621027
0.03299602813938726,0.2707367277466134,0.2924753037974968,0.40379194031650295
0.3886884702864454,0.4894703932784902,0.11071419917158865,0.011126937263475974
0.5444944858727611,0.3551259708043088,0.09191952228119195,0.00846002104173821
0.03747926199081641,0.09303882934970031,0.43479149937862027,0.43469040928086317
0.8782390410152564,0.050739734276210424,0.06584520280515792,0.005176021903375006
0.6011082177147054,0.319697473782645,0.07553129177660849,0.0036630167260411966
0.860364444184847,0.05641832471044826,0.07211095528999567,0.01110627581470911
0.8208382493698992,0.13193724849606203,0.04134565913461703,0.00587884299942162
0.6647229438703303,0.13016309970054707,0.1941285562007815,0.010985400228341156
0.8565867070288355,0.08842112832545226,0.052116674838002836,0.0028754898077092074
0.728087872311419,0.13231571104529755,0.11562807141751731,0.023968345225766418
0.02825150105509255,0.07630976137673529,0.5876908606090994,0.3077478769590729
0.8830344817409899,0.07364090717083788,0.03922235568763132,0.004102255400541102
0.33159911422703303,0.28979145035530646,0.30172136652296627,0.0768880688946941
0.3458469204118105,0.2759821315706814,0.30781783280527025,0.07035311521223782
0.08918705240479316,0.6768468000438733,0.16214977039262085,0.0718163771587125
0.4095791309470286,0.2720176620057153,0.2330907709177135,0.08531243612954263
0.7755408854764627,0.07928926648933504,0.13683611118364675,0.00833373685055541
0.5551093343000065,0.21797750041831065,0.16097555904856053,0.06593760623312216
0.02053071284018049,0.10913060548778425,0.5845288477210956,0.28580983395093973
0.9663467296549316,0.007923988137732006,0.025090041180514246,0.0006392410268221231
0.41078756749884826,0.23861556452105182,0.29651433977843406,0.05408252820166586
0.8848166854112016,0.058375615393728646,0.053384288146774386,0.003423411048295373
0.8643695237701021,0.05853339759159541,0.06538655591091037,0.01171052272739209
0.9730841193239957,0.009895076663466045,0.016541556829380064,0.0004792471831578661
0.020176945951917994,0.8423263968678759,0.10321163703286125,0.034285020147344414
0.1544208748782011,0.7730140739349813,0.062188043183580885,0.010377008003236696
0.023794498707085072,0.1501311339276832,0.45445449468748433,0.3716198726777473
0.8683643689144368,0.045273907075886896,0.08073923011012651,0.005622493899549826
0.3318261851257946,0.5361185077812702,0.11598569155016875,0.01606961554276649
0.0760420425993593,0.651820086748931,0.1939995769319333,0.07813829371977633
0.446433978297957,0.27477611895454296,0.22468272088616473,0.05410718186133527
0.5359490702483116,0.2054771749074849,0.21369960962866227,0.044874145215541394
0.1001474007385271,0.40012541659829737,0.3921416676891796,0.10758551497399604
0.05579631218975232,0.30157395501713985,0.41122875923716384,0.23140097355594413
0.08924502587827486,0.6656835508590399,0.14685632294574255,0.09821510031694256
0.9834630062120974,0.0033045755061835076,0.013220097396892266,1.232088482670541e-05
0.9721480493450436,0.007203133065907346,0.01967736377419094,0.0009714538148576173
0.020996274729133436,0.11993672725632065,0.6526204047469547,0.20644659326759096
0.02330947655434261,0.06877430276947737,0.3228525585079367,0.5850636621682432
0.5755773609859003,0.19609676051399852,0.21272949687593012,0.015596381624171166
0.17142027498295273,0.7554863612245301,0.06289921289922595,0.010194150893291459
0.9706988701450574,0.008918489663554708,0.020176322910408745,0.0002063172809791155
0.9390315471331664,0.023106845014896918,0.037362097625401824,0.0004995102265347366
0.824555598994713,0.07499669841977592,0.07937853826933795,0.021069164316173384
0.03841876041642709,0.21012868291872308,0.2969873879544053,0.45446516871044446
0.8289740395102979,0.06647963707336696,0.09505981052115789,0.009486512895177102
0.23563853111785327,0.10899797494898285,0.5980481163173973,0.05731537761576675
0.12165812021258157,0.33252122275881285,0.45813939615915156,0.08768126086945406
0.16211780913280407,0.37849516706375086,0.36675784094588215,0.09262918285756266
0.5340609845239522,0.17915096393106647,0.27492257119980634,0.011865480345174689
0.03881527791481609,0.11477343867304396,0.5544262724292333,0.2919850109829067
0.07022021310040086,0.4392681015546183,0.30272186690294545,0.18778981844203568
0.334714719565438,0.10659818043304509,0.48338104834427575,0.07530605165724098
0.06616783437379778,0.4227537271292332,0.2864028391305111,0.22467559936645792
0.8234871180054035,0.056986696052902,0.1188661638166154,0.0006600221250787845
0.031078007772289657,0.2841371022664491,0.2903829333116315,0.39440195664962985
0.9238117365940242,0.02294163213365231,0.052789465455316986,0.0004571658170066625
0.9601817415924644,0.009461263844076723,0.030179000708739624,0.00017799385471935325
0.7467564632100679,0.10347086603020911,0.1427817993921109,0.006990871367612279
0.25381216762086056,0.10000773022745818,0.5740900558901965,0.07209004626148457
0.6978689112486655,0.19761568811363714,0.09600073273908909,0.00851466789860858
0.016751881215909384,0.062314338757556556,0.27940714564461433,0.64152663438192
0.04487167274935014,0.14456326831520624,0.7507591610174987,0.05980589791794477
0.3373842169998104,0.09014941188041455,0.5053462968072214,0.06712007431255368
0.38178621860747947,0.1835283126495204,0.3616557040513386,0.07302976469166177
0.03095108327167403,0.08622097457896265,0.7699147381004623,0.11291320404890072
0.671844324860832,0.25498169839620205,0.06572929278252523,0.0074446839604407275
0.023149479897935435,0.13349982462740806,0.20360980996295858,0.6397408855116982
0.6637233343489393,0.2681995988961908,0.065389753295733,0.0026873134591368897
0.12334424037300354,0.128622849382469,0.6816764579124643,0.0663564523320634
0.151143224857913,0.22486410105862675,0.49990352194880877,0.12408915213465162
0.026553654860026196,0.20413866056228858,0.33333433742041735,0.4359733471572679
0.03199665245765559,0.24846924180860866,0.2803123645880811,0.4392217411456546
0.8861150548615448,0.062359056402573054,0.049421807849108886,0.002104080886772964
0.07671920176877302,0.18238754298463233,0.6745958940579397,0.06629736118865508
0.018446031630871374,0.09063457782256702,0.4017929048606231,0.48912648568593853
0.03802772546943915,0.11292236369032173,0.34178819731565807,0.507261713524581
0.37390143019510513,0.4983289000880165,0.11024222095217018,0.01752744876470831
0.09727244883744732,0.4465491006963914,0.2587054110966917,0.1974730393694697
0.9368665516403335,0.028849847115691697,0.03365698864499984,0.0006266125989749139
0.024290097335537986,0.15382743065117313,0.5991226576348655,0.22275981437842343
0.024324259978927017,0.11487869533156651,0.5901349275043558,0.2706621171851506
0.21362542794383632,0.273909734958027,0.42880817641388225,0.08365666068425424
0.16338790331416145,0.766016690508225,0.06040304145549255,0.01019236472212131
0.788965239690927,0.07273128989050234,0.13512262997293056,0.0031808404456396605
0.689120289116646,0.24703985288780392,0.06069714240336208,0.0031427155921875697
0.7606824254401938,0.140912135920298,0.09416350902752554,0.0042419296119827025
0.0242640249998683,0.04519462336057835,0.22316464923749613,0.7073767024020572
0.9354203584133159,0.021803361739146983,0.04175518666064905,0.0010210931868882118
0.017248310046229485,0.09123273835823185,0.41688639422281376,0.47463255737272475
0.03368450193988196,0.07193726898972433,0.4919583558341394,0.4024198732362544
0.018465466253132983,0.057325712137897146,0.3728577389955515,0.5513510826134183
0.7876938711706988,0.08255919671034866,0.1277423246406171,0.0020046074783353295
0.18646954384773107,0.39031088758477295,0.26245511684432393,0.16076445172317214
0.9668585612010117,0.011742974391036973,0.018038397536200748,0.0033600668717505113
0.2528839440073932,0.1552286572448625,0.5167744239943609,0.07511297475338329
0.1332261829346376,0.4955130906025158,0.2599515084589836,0.11130921800386293
0.02034746226444433,0.10642811462313327,0.6363123868486558,0.23691203626376658
0.7457388925300402,0.14390910164461634,0.10241288193147939,0.007939123893863885
0.8643609607668585,0.09697993876641382,0.03453802936438604,0.004121071102341405
0.905184408594699,0.05564586140194616,0.0365935910814058,0.0025761389219495423
0.8188564785603318,0.07403273336239763,0.09159182023332818,0.015518967843942235
0.9209953579380098,0.024460563960651115,0.05440233524562608,0.00014174285571283665
0.10892864833573551,0.47795531831394433,0.2529018014011934,0.16021423194912685
0.8779020823284953,0.06934917025342906,0.04912528789792427,0.003623459520151296
0.9139367295599871,0.04446998884069136,0.039927470585795564,0.001665811013525329
0.03524927675875704,0.09590642755446722,0.6152884467956314,0.2535558488911443
0.34066901176739783,0.28528993031849426,0.30416839862222317,0.06987265929188488
0.8907240977653652,0.06444957606214682,0.04318569303266764,0.0016406331398205356
0.9821759063590342,0.006914925027035096,0.010691727796018591,0.0002174408179121723
0.8257100340287102,0.10948830451894118,0.059475091522339894,0.005326569930008802
0.9758499306650479,0.0066752175228664105,0.015919705266525534,0.0015551465455601972
0.9594595644915713,0.012323297828088784,0.02788184798070313,0.0003352896996361851
0.6808027421603772,0.24109718331860797,0.07118023227438446,0.00691984224663028
0.09837456335424805,0.3436961732822272,0.46440777465783006,0.09352148870569472
0.7086617493495959,0.21063225094922872,0.07134717730886873,0.009358822392306603
0.5933115098251069,0.1828473784746591,0.20831753821490037,0.01552357348533374
0.5168378496915463,0.3819889332987364,0.08731935132735577,0.013853865682361752
0.790121326344859,0.07681317860446257,0.13037838599346843,0.0026871090572099647
0.8095746699180468,0.07784610654758943,0.11074294052890896,0.0018362830054547616
0.7103128173469473,0.21200264339358266,0.06845958819657844,0.009224951062891822
0.08201829494961574,0.3545856738770226,0.46346361995233365,0.09993241122102779
0.13030847117020597,0.799970631615558,0.06115334031981745,0.008567556894418632
0.015514504614544759,0.04327052519638455,0.23460041470246867,0.7066145554866022
0.06537713462171756,0.2116033456206721,0.41551707631711826,0.3075024434404923
0.29619205342905525,0.5763506797731499,0.1120132929727435,0.015443973825051267
0.17863380352838884,0.29750942075156067,0.4088008643621429,0.1150559113579076
0.060548353325308474,0.27585683916276144,0.286081200020815,0.37751360749111507
0.02079072475665531,0.1111196948879859,0.6698653368965499,0.19822424345880896
0.017030540727145545,0.1348301788684424,0.2519998440802251,0.596139436324187
0.05833944935623423,0.25577452587789273,0.5624352442041619,0.12345078056171131
0.29301362685273075,0.5052709627950639,0.12454849252422732,0.07716691782797776
0.8773003349798602,0.045941377674804766,0.07156679779581167,0.005191489549523289
0.09789867041850692,0.5243499808428843,0.2512062269377679,0.12654512180084082
0.033300998505212794,0.1721820678069677,0.46387513907141004,0.33064179461640963
0.044207269442602073,0.2259571962852331,0.32295516567559157,0.4068803685965733
0.2778598112339552,0.5127740233235558,0.14217052441518999,0.06719564102729925
0.049047025348809836,0.1813754436290131,0.527579937961754,0.24199759306042312
0.5500020961897596,0.2154827898903406,0.18514352335770415,0.049371590562195686
0.02307210558240845,0.14422886371290825,0.5871634195034536,0.24553561120122971
0.072570925295061,0.4588704379560938,0.37814222372984874,0.09041641301899653
0.3694132821821451,0.29379014139593473,0.27497593350333505,0.0618206429185853
0.10753962993437828,0.6795696284943554,0.13623695968991634,0.07665378188134997
0.13793155842903781,0.5856982204380838,0.18620268832030637,0.09016753281257223
0.5104105009716233,0.21122842739258924,0.22548195778156838,0.052879113854218895
0.29669668292880774,0.11400433082585387,0.5109187396654573,0.07838024657988082
0.8211023320493804,0.04156179154034248,0.13664884502269833,0.0006870313875790442
0.18027704409747944,0.3596610762250963,0.3611518863391842,0.09890999333824015
0.913562920308611,0.03108976273876058,0.04555174165504613,0.009795575297582392
0.6653359395696447,0.2563820248328888,0.06828555950814526,0.00999647608932133
0.16313862639026652,0.3968706317272349,0.34934670438027376,0.0906440375022248
0.07672772331292876,0.28318237491470866,0.5814652506561595,0.058624651116203165
0.032439036857976146,0.1410644608622767,0.4998632388869592,0.32663326339278775
0.9326790006906773,0.015993468389654316,0.04976820018569942,0.0015593307339692064
0.1645682355613579,0.2337833477124655,0.5064675538799512,0.09518086284622523
0.15399103384559054,0.35918456347981054,0.4148097280461599,0.07201467462843901
0.4689986412339949,0.40198814006329286,0.11426341210981521,0.01474980659289715
0.23726482077396896,0.3537283718435191,0.33533765324058357,0.0736691541419287
0.030601037910903274,0.056197874157860025,0.3148414242671746,0.5983596636640623
0.014879284754162387,0.1311908797908654,0.24198426436447107,0.6119455710905014
0.058025452777356046,0.6069415804964436,0.24058281007866492,0.0944501566475359
0.021048098637699214,0.16859019947785606,0.5392038167885611,0.2711578850958835
0.9730962902349848,0.006312043587363365,0.020585323783076558,6.34239457540668e-06
0.7508081054376519,0.16414165395685124,0.07551063670694991,0.009539603898547166
0.7862217780342263,0.09168260811170048,0.09465874929029948,0.027436864563773602
0.1817943515465274,0.13455969188259229,0.605006984217752,0.07863897235312818
0.09683405891374944,0.1264593213965079,0.717727291017265,0.05897932867247747
0.8708695457484019,0.035539086427222547,0.09252498752771104,0.0010663802966648498
0.9192479152237675,0.04536837412186391,0.03425748090540499,0.0011262297489637023
0.6643498750866716,0.11790939181118457,0.1854930617451499,0.032247671356993954
0.07689618260070116,0.1789389414809389,0.6561984192010119,0.0879664567173482
0.9536020290636684,0.007725629052883448,0.038404078063396525,0.00026826382005204193
0.967952627362585,0.006040842848097241,0.025843111102943902,0.0001634186863737857
0.026430278979557135,0.10629091848901177,0.5991828305611925,0.2680959719702384
0.8343588844127307,0.06287835532805792,0.08277514827708185,0.01998761198213003
0.966852699132146,0.0149984045833897,0.017589916454075833,0.0005589798303881414
0.7699968078421005,0.11469286342002981,0.11086255551583024,0.00444777322203941
0.9694858029874822,0.006846360984168174,0.022824748488556087,0.0008430875397939724
0.9128059084826938,0.033338425842723146,0.05241081753841574,0.0014448481361672635
0.7681880887563414,0.08820906191499484,0.13631671765224831,0.007286131676415355
0.24647115368200467,0.5589171973666719,0.11685797365991124,0.07775367529141242
0.04600363664458903,0.40864501347477583,0.3935751620962797,0.15177618778435542
0.8606121442053468,0.04979971395994877,0.08438521052519117,0.005202931309513106
0.29706609304579434,0.10358821300382907,0.5439772538280744,0.05536844012230222
0.04816960390414336,0.2337325924160934,0.6159622806138533,0.10213552306591017
0.026652210358462526,0.06861301946954501,0.6640758577757372,0.240658912396255
0.03765551924440113,0.19043107740849327,0.5227395613295157,0.24917384201758974
0.020545978174701728,0.047303852296221506,0.20698223456164105,0.7251679349674355
0.1474994572668584,0.5452226785645357,0.20825257543047446,0.09902528873813131
0.0331226548127065,0.10550560607433847,0.5699216387008545,0.2914501004121001
0.02210356992868614,0.07912070486535311,0.6294188410400532,0.26935688416590753
0.08404440969773724,0.38112212025140046,0.3022594944891291,0.23257397556173323
0.15745488033051985,0.38584840564762624,0.3647037528995035,0.09199296112235045
0.3270171766280229,0.546277170641331,0.11092698709685493,0.01577866563379108
0.036024974935156724,0.16150416780908475,0.5077230781628264,0.29474777909293204
0.6986370848084476,0.1675748386444437,0.1262901425572482,0.007497933989860219
0.020895505324687327,0.04486176264182582,0.22070564822614155,0.713537083807345
0.21092014620716093,0.11309976876967535,0.601279783406073,0.07470030161709046
0.24481248283679535,0.22058357386655938,0.4520139445250453,0.0825899987716
0.0411729174999443,0.7491123613415326,0.140539369463462,0.06917535169506166
0.045562249789222416,0.22517713129012,0.3148050865052319,0.414455532415426
0.8643207365312295,0.05739428376437924,0.07631109041225949,0.0019738892921314075
0.03981624847876097,0.17191958622545367,0.5825265721050811,0.20573759319070412
0.8405106479633787,0.1191334628219588,0.03724994769143003,0.003105941523232554
0.44280366565487134,0.2451290777909758,0.22720727808178112,0.0848599784723718
0.03560048305029587,0.15621824809152665,0.4961210515322426,0.31206021732593503
0.1435777579623767,0.7922818003536156,0.05291639073105972,0.011224050952947704
0.046771172346928264,0.18128312516181455,0.4468397791636665,0.32510592332759086
0.6087317326524228,0.30490058834303957,0.07719624409956595,0.009171434904971633
0.35865790853964197,0.31851136985303247,0.2479136689160669,0.07491705269125891
0.06543460786860375,0.3896417626315398,0.3273155275877452,0.21760810191211133
0.009856458286456132,0.041894712101222635,0.09859701637808699,0.8496518132342342
0.020460602133489766,0.13043711226033175,0.6230927751017905,0.22600951050438772
0.04978968561653922,0.16794484665091314,0.7001398781530969,0.08212558957945085
0.08998706413190595,0.7585935980354996,0.09795797626647089,0.05346136156612331
0.04404785388644448,0.2046480720300484,0.47753584775865854,0.27376822632484854
0.20132021584230297,0.34805516949296894,0.36949604532223757,0.08112856934249052
0.9254292723697992,0.029992641212223174,0.042579312742877906,0.001998773675099993
0.00459741081432545,0.055229744829016575,0.38659588621476504,0.553576958141893
0.15875818314336587,0.3883816018807918,0.3677643392245706,0.08509587575127175
0.26464121166842086,0.651426044414288,0.06821523107716496,0.01571751284012596
0.9292049397579971,0.03422547143289654,0.034928133314764305,0.001641455494342234
0.01775747376165192,0.10463993503080941,0.6670698293559286,0.21053276185161043
0.1328279751528682,0.5792022342601129,0.20718506891757593,0.08078472166944332
0.5725674692933342,0.3470645538925335,0.07551978706851115,0.00484818974562151
0.02162987543029907,0.10105535286213405,0.6267128151623352,0.2506019565452315
0.3089435202344295,0.29190366429295156,0.3248029719786302,0.07434984349398896
0.024188530597464272,0.12113374969526335,0.6712518996581771,0.18342582004909505
0.07588752300709616,0.22174372604438744,0.4849792639764691,0.21738948697204713
0.12088034912323646,0.3504454404370144,0.4381967545038982,0.09047745593585108
0.07873253443820959,0.1762365418839607,0.6121367477170055,0.13289417596082415
0.9058986975318097,0.030588098608775503,0.05991558982772556,0.0035976140316891906
0.1695446774729237,0.5616258081524395,0.17896656933329738,0.08986294504133911
0.34822845719522194,0.5201661507617213,0.11465412610678069,0.016951265936276275
0.029866562352603022,0.1249089640463244,0.45336622285502903,0.3918582507460436
0.051254022845273174,0.2188516305127308,0.6531350429221474,0.07675930371984878
0.9094853438909031,0.04297964906615759,0.045680175864681025,0.0018548311782579621
0.976365222487161,0.004248110024940355,0.01932820817721257,5.845931068595682e-05
0.02454344788235051,0.1572301518546826,0.6292327419807925,0.18899365828217443
0.5874586056390532,0.1805374122595992,0.18517730284757036,0.046826679253777106
0.09377352939695882,0.2747246350287292,0.5422233226323794,0.08927851294193276
0.0479417338200227,0.1906474346724301,0.4882028764123572,0.27320795509518997
0.02277908760709768,0.14067444407385174,0.5989977510364515,0.2375487172825991
0.018069114862352343,0.10413476949313283,0.6735493248329374,0.20424679081157732
0.0239954274829416,0.13090794321916363,0.5787344823187374,0.2663621469791576
0.01917286219168935,0.849774469473424,0.10201473851450388,0.029037929820383085
0.1316807454788203,0.24883407155078466,0.5562630202996883,0.06322216267070675
0.6465901012670642,0.2730817622679338,0.06963767060810558,0.010690465856896161
0.835735462231109,0.0654948517189923,0.08509527811971376,0.013674407930184684
0.806591384887498,0.1530369931766441,0.037201073907826634,0.003170548028031286
0.03931078635091679,0.17509347287876909,0.5212981843441868,0.26429755642612746
0.1779958382391902,0.35114225162604584,0.40830091800535945,0.06256099212940432
0.23363215353821637,0.6943867181603335,0.06068313261725006,0.011297995684199808
0.1984317782077169,0.33353785136235214,0.34432804715894805,0.123702323270983
0.133111863564417,0.20818188613835734,0.3999845281768797,0.25872172212034594
0.7832170020227758,0.08951329821380556,0.11165009583400914,0.015619603929409467
0.03388883723933287,0.161823924712246,0.5520181984325166,0.25226903961590447
0.02779672020372499,0.1414524983270564,0.5077935656863048,0.32295721578291386
0.09110618869826846,0.39313734760262675,0.3011778109664618,0.21457865273264295
0.2370711814494415,0.31393987397352385,0.378051859440693,0.0709370851363416
0.2717167945121609,0.31352458779661896,0.3508054888414177,0.06395312884980248
0.20252570716658722,0.2501204879907741,0.42839930612775456,0.11895449871488399
0.15147082248067362,0.7827355622047844,0.0587585023263214,0.0070351129882209795
0.04860869273872833,0.13385776081614864,0.74709021379434,0.07044333265078286
0.033422187577609154,0.06639916068937418,0.42115810698218403,0.4790205447508326
0.5745714443618657,0.20880835672945366,0.1524448551101504,0.06417534379853018
0.8726094643217421,0.06959535780894614,0.052997993180172225,0.00479718468913948
0.02766663143264433,0.06323931342293272,0.47409718505998183,0.4349968700844412
0.016344901298249045,0.05996500185586278,0.2416212565114684,0.6820688403344198
0.4969861841314277,0.35155857729594986,0.13669304735863907,0.014762191213983322
0.017014741283045965,0.10362758584752407,0.48392164159598416,0.3954360312734459
0.6071524277823191,0.2829453444322801,0.09778912517583675,0.012113102609564195
0.01745852202270786,0.046603791926663946,0.1933627813505822,0.7425749047000458
0.025561700696641765,0.11632086026759719,0.5714192045399402,0.2866982344958209
0.022709443597413094,0.12825223304625588,0.678074884356733,0.17096343899959773
0.031961312176737734,0.06159070215856222,0.5181509032773034,0.38829708238739663
0.06778052438964059,0.3894710523327599,0.29505900619922587,0.24768941707837364
0.05949751130928797,0.12975857528611956,0.5228146257714833,0.28792928763310915
0.6003511449996607,0.30739900047261415,0.08599953462062038,0.00625031990710503
0.010498844552059843,0.04662942576183179,0.1565776801459593,0.786294049540149
0.02446976286014793,0.15483759222446883,0.4132358894832335,0.40745675543215
0.9025713962612802,0.05177434643858716,0.044925764069534455,0.0007284932305977979
0.8501404983815537,0.09613980503493025,0.05023107948330055,0.003488617100215565
0.7923952368452547,0.1576729244424423,0.04328511141302472,0.006646727299278826
0.05075632804342048,0.17605908459405628,0.6365679953997336,0.13661659196279
0.8812468503235915,0.08308797538282742,0.032017557425841454,0.0036476168677391963
0.0740869521764251,0.5130190828986461,0.2709181687733054,0.14197579615162367
0.6940202049216683,0.22962032916815328,0.06879393482706556,0.00756553108311273
0.5217872101353529,0.21176739964575572,0.2542174866656462,0.012227903553245417
0.8056335643670286,0.07823638314240024,0.11183309482528715,0.00429695766528432
0.025251316928409567,0.056853017057560414,0.4285368912381761,0.48935877477585377
0.11879488029076157,0.6752430635516719,0.1494803788865448,0.056481677271021595
0.022494100306657536,0.07832227596598038,0.5126368278143572,0.3865467959130047
0.5164859134904581,0.270571326068215,0.1941406518581908,0.018802108583135888
0.13744756969929778,0.3789776986052178,0.3819329648961339,0.10164176679935054
0.23682982652623683,0.1768575418013844,0.5006513545810145,0.08566127709136419
0.22563362017563132,0.24828651126386034,0.4576083802934333,0.06847148826707489
0.3896448797178182,0.2628583882258525,0.3034412714439625,0.044055460612366766
0.7397135551588282,0.18304679634904247,0.0714533931143789,0.005786255377750503
0.5363191894691034,0.14209959855596124,0.30843992885753485,0.013141283117400204
0.09901063380434218,0.6129671276313884,0.2039950374810312,0.08402720108323823
0.38626932882901094,0.2648741138014829,0.3000099873067359,0.04884657006277023
0.9381978819328484,0.017660665486050373,0.03825017281789879,0.00589127976320297
0.7722327386314524,0.08994799309708129,0.11640222284198383,0.021417045429482643
0.1253811594219772,0.7987910709731549,0.06504532717928763,0.010782442425580635
0.13809807783996925,0.787523019387341,0.0631795844070631,0.011199318365626057
0.13451255760877914,0.6422161726919249,0.14060583861904719,0.08266543108024846
0.6011147566320726,0.3324567711140326,0.06143404735617586,0.004994424897718943
0.0505322526081415,0.2525305963093231,0.4635936473962763,0.23334350368625953
0.6433661888374438,0.27828073363078437,0.06922271370078964,0.009130363830982546
0.17409178539565937,0.09996942924826603,0.6552367580179113,0.07070202733816319
0.28059110171188584,0.09666781234026059,0.5514920209704404,0.07124906497741325
0.4600504795196201,0.4212123454563531,0.10511351668806608,0.013623658335961098
0.14126051714258428,0.16412064362843182,0.5693657160308456,0.12525312319813808
0.6466267658373599,0.2782692659751145,0.06994861664616807,0.005155351541357891
0.04208976710396458,0.2166722041391363,0.28999937941286447,0.45123864934403474
0.023019388440294872,0.07051326832534549,0.5362294615704521,0.37023788166390753
0.027791584609747476,0.14863429976997738,0.5010862224388078,0.3224878931814674
0.011836375895197324,0.041155584404908234,0.19805334637828134,0.7489546933216136
0.040942983823661176,0.13261396243567566,0.46279478984486844,0.3636482638957951
0.022523425281318385,0.14195972379128474,0.2623627099139445,0.5731541410134523
0.11183277111734594,0.1449848317054693,0.6729284031989302,0.07025399397825445
0.1512089821515253,0.19924690121309563,0.424400070949079,0.22514404568629992
0.10056385861757393,0.3754298034587601,0.4037736777721333,0.12023266015153274
0.04210373703030266,0.10527617379969481,0.44279621459057267,0.40982387457942976
0.010212256457662232,0.040798941704391536,0.12013306066382137,0.8288557411741249
0.0182260089005702,0.079633449625029,0.515685488431879,0.3864550530425219
0.054494180972477574,0.3069351705287914,0.4129605959298063,0.22561005256892483
0.03439375145292033,0.127510251655659,0.3941517981195929,0.44394419877182806
0.15001660626197283,0.7850956792943913,0.0541264843933488,0.010761230050287071
0.627589919428736,0.2965448650203874,0.07114330978682076,0.004721905764055795
0.9002325472569188,0.06527324891148259,0.030059578463662685,0.004434625367935674
