MA,KU,KS,MUU
0.01856891010949834,0.07891843685919342,0.4140982049626069,0.4884144480687011
0.025087663797686486,0.16708957001797853,0.2773768423480548,0.5304459238362802
0.024285810220355857,0.16463532541731435,0.42085258363644457,0.39022628072588483
0.027448472639414915,0.09823542810914798,0.3558132664280634,0.5185028328233735
0.19179769524805973,0.1859788116455157,0.2796865885627587,0.34253690454366614
0.0064577472527472535,0.08281956043956047,0.307474391025641,0.6032483012820515
0.4723226432391137,0.19508503777268482,0.3141207389016213,0.01847158008658009
0.018030217810862975,0.09408585012210009,0.5573636436547322,0.3305202884123045
0.02141429880574617,0.1489528591285056,0.48254155890286904,0.3470912831628792
0.9311482679337076,0.04197082452960734,0.026059525297819724,0.0008213822388650206
0.17317736759422736,0.22446619558824993,0.532177032620502,0.07017940419702072
0.11133375581162028,0.274775609581912,0.34052033711250723,0.2733702974939606
0.6094721872082164,0.3109471265172735,0.0708337745098039,0.008746911764705883
0.04238125503494973,0.18421210762263612,0.5249084802441147,0.24849815709829923
0.15733885179306178,0.32142290029509923,0.44395351932001736,0.07728472859182163
0.39677000000000007,0.5469935714285714,0.04632023809523808,0.009916190476190478
0.758039310559512,0.14266905244844758,0.09564897826188146,0.0036426587301587295
0.49521845238095247,0.4129829761904762,0.0864975,0.0053010714285714276
0.07915280830280828,0.5069353052503053,0.23585897435897443,0.17805291208791213
0.0691395881325101,0.2962360663553526,0.4363588833933425,0.19826546211879476
0.20713008912655972,0.5818173455139634,0.09530732768865117,0.11574523767082588
0.26398055370609785,0.2703050441715147,0.363739774509804,0.10197462761258354
0.06104285822881297,0.24888658005184816,0.3902864033628973,0.29978415835644173
0.02380340037635376,0.1269598797235391,0.34570386611520454,0.5035328537849026
0.013770350506918992,0.15438178699389174,0.5706642678539307,0.26118359464525837
0.792101107226107,0.16610080003330005,0.038174997502497504,0.003623095238095238
0.8677424631446701,0.10013068225541943,0.030437731387430503,0.0016891232124801386
0.8864761258752408,0.07953848509886184,0.03190450919433145,0.0020808798315659505
0.22466159654889922,0.42007022973639496,0.28975223170014763,0.06551594201455851
0.34144364783158937,0.2797831896418267,0.2907933246975943,0.08797983782898967
0.7845219229055257,0.06733556839402428,0.1458337587004498,0.00230875
0.1151289321327004,0.2813316549943712,0.5017868272390466,0.10175258563388208
0.9177759569757644,0.04891080858202957,0.031508896475296616,0.0018043379669093376
0.968714258159477,0.008656080673041563,0.02261167522933273,1.798593814860938e-05
0.6770034010270772,0.25920889589169,0.057263338001867406,0.006524365079365079
0.03975598366986462,0.07824496055723036,0.5105241052778046,0.37147495049510054
0.4255483333333334,0.4606578571428571,0.09769452380952384,0.016099285714285712
0.5272365652239918,0.17833602826095477,0.18727719894484604,0.10715020757020755
0.12716524678739188,0.3308701153792138,0.4044985865213389,0.1374660513120552
0.3621554761904763,0.21252535714285714,0.31789369047619037,0.10742547619047615
0.7723636362069303,0.14144786072424312,0.08064913798946151,0.00553936507936508
0.607037765151515,0.31704988095238096,0.06721093614718618,0.008701417748917748
0.9554830125649089,0.015053283652951568,0.02943433441277028,2.9369369369369366e-05
0.8258738219796947,0.05427608865554651,0.09877632640162474,0.021073762963133534
0.947132570348122,0.014987441293911401,0.037488040881028646,0.0003919474769379893
0.1704920001973903,0.22801273896254293,0.4804792484452925,0.12101601239477416
0.9159391779141624,0.04291105360069368,0.03949025305448718,0.0016595154306566714
0.03508879353258609,0.10811791283714657,0.5555168712227769,0.30127642240749036
0.636104293894413,0.1458858212844476,0.20692681450826875,0.01108307031287091
0.022063138296163524,0.1089199322706515,0.5906540982054096,0.2783628312277755
0.9674054890759909,0.006365662214555494,0.02618884870945362,4e-05
0.6147905952380952,0.2869576190476191,0.09318583333333333,0.005065952380952381
0.9189967211805284,0.02665442354237873,0.05307969829307501,0.001269156984017066
0.0626839943054881,0.3906507957290387,0.3908867276093359,0.15577848235613712
0.20030614817248996,0.3945745444306001,0.3443023972385088,0.06081691015840097
0.0033630952380952384,0.054680396825396854,0.22425579365079362,0.7177007142857142
0.9541331312541382,0.014065233960153753,0.03139994988196058,0.0004016849037473648
0.39659297619047607,0.33883115079365067,0.21861293650793656,0.045962936507936494
0.4739617857142857,0.4498064285714285,0.07258345238095239,0.0036483333333333333
0.14096809523809525,0.7813034920634919,0.06880769841269843,0.008920714285714287
0.24946063492063486,0.6813835317460318,0.06268249999999997,0.006473333333333335
0.2975511159497718,0.1287957044888395,0.49918627639207125,0.07446690316931735
0.485506764539808,0.37834627046866176,0.1220119649915302,0.014134999999999998
0.30416059523809524,0.5750154761904761,0.10752226190476194,0.013301666666666666
0.6368447619047619,0.3111811111111112,0.04881103174603172,0.0031630952380952374
0.0776658080808081,0.31839168831168824,0.30134838744588754,0.3025941161616162
0.2643263095238095,0.5273214285714286,0.15670535714285713,0.051646904761904755
0.0341013660522484,0.28680904592139894,0.5394446083981379,0.13964497962821487
0.6626502489177488,0.25278467532467525,0.07493813852813848,0.009626937229437228
0.08809067453132165,0.4585962283871484,0.3586621150474987,0.09465098203403144
0.025359430493738747,0.15917753175160382,0.4662422614181649,0.34922077633649246
0.22010219349278168,0.16304813590820946,0.4489811352617973,0.16786853533721185
0.23658839359986417,0.19433201612766327,0.446279223983533,0.1228003662889398
0.3600293556078425,0.2691182240347371,0.3083666118092433,0.062485808548176945
0.6145115400897632,0.15892584219829703,0.2043263113977723,0.022236306314167762
0.8969707270376616,0.04707543329661398,0.05175403807842291,0.004199801587301587
0.8758609641354588,0.10318419936365487,0.018838906085842377,0.0021159304150441924
0.008498122734581122,0.10537434688932827,0.5762200261444689,0.30990750423162156
0.05934666666666668,0.8377144047619052,0.08257964285714285,0.02035928571428572
0.05704239926739927,0.8104763614163615,0.09898684523809521,0.033494394078144064
0.8774038117592334,0.06013203344917351,0.05119748812492673,0.011266666666666668
0.5956632620011567,0.3166910078079814,0.07526120638133799,0.012384523809523809
0.3948108360815333,0.2955590395093193,0.25587924996418043,0.05375087444496701
0.01892042985693595,0.14217407376236854,0.48935632605263557,0.34954917032805993
0.012674831423478486,0.09028030349715645,0.5478155666816845,0.3492292983976808
0.029321345008497812,0.12862154590495256,0.7033973084082935,0.138659800678256
0.04853929984036624,0.7139441396494081,0.12847061148760575,0.10904594902261983
0.847912526082,0.10983681483113963,0.03851742815112901,0.003733230935730937
0.0028578733766233765,0.035317527341079964,0.34198007186526935,0.6198445274170276
0.024441666666666664,0.7934795238095239,0.14696809523809518,0.03511071428571427
0.030058675324675325,0.2962746002886003,0.21226976479076476,0.46139695959595983
0.018258880333181314,0.14241722191112408,0.6202122743026216,0.21911162345307297
0.8767761682874771,0.07586288070379052,0.04570490934056127,0.0016560416681712467
0.7447856754600053,0.2162139886392967,0.03609386403922591,0.002906471861471861
0.12984602476508667,0.6014497484813786,0.180605358077469,0.0880988686760658
0.056547906490324366,0.14848823913712372,0.7057213011589095,0.08924255321364225
0.008241666666666666,0.025906547619047607,0.08959932539682537,0.8762524603174602
0.7778973272642392,0.13506886841100074,0.08566105540701127,0.001372748917748918
0.05900425989416263,0.27152505334521926,0.3404981343558518,0.3289725524047662
0.03983292002280028,0.1412389099715028,0.5501907057910569,0.2687374642146402
0.020478560425685424,0.1775293606902357,0.4284231455026455,0.37356893338143343
0.0647501992559681,0.19280575772877723,0.5439277422950558,0.19851630072019874
0.031027571118251034,0.15887832491570772,0.5644317731667149,0.24566233079932648
0.13151360110738242,0.3299315741192823,0.4747848859150859,0.06376993885824925
0.8480657589090427,0.09383350138000791,0.05581025269796232,0.0022904870129870133
0.837559013657453,0.049467857308400684,0.10733336716179825,0.00563976187234815
0.9118190777193595,0.029238773810345623,0.05557755238011063,0.003364596090184326
0.25525468943045265,0.20038512384983437,0.40749834177518385,0.13686184494452922
0.023624166666666665,0.060827050316832915,0.22028574565531084,0.6952630373611894
0.08987490665766983,0.3127272128602392,0.3935379933808881,0.20385988710120287
0.17085393081761008,0.5328840191674155,0.17507189727463307,0.12119015274034141
0.029906723003345403,0.17202478055407322,0.657318118792126,0.14075037765045534
0.15114380952380949,0.6886438095238097,0.13360880952380946,0.02660357142857142
0.3982183716283715,0.35018188727938726,0.2234557634032635,0.02814397768897769
0.010020238095238092,0.018296536796536797,0.05845023809523811,0.9132329870129867
0.03988908778305837,0.09725169845581613,0.5175684037762716,0.3452908099848541
0.12250031529630219,0.21999421002730218,0.597830047389152,0.05967542728724367
0.0652060434513152,0.2225681375176227,0.5126167035475333,0.19960911548352908
0.17595579026763727,0.4790342507879075,0.2934205617116439,0.0515893972328114
0.025462165949593017,0.18420970333934078,0.5081487674855644,0.28217936322550197
0.3401742857142859,0.5815219047619046,0.06875309523809524,0.009550714285714287
0.04801623131390573,0.1980531338622618,0.2610204515187655,0.49291018330506703
0.5625264285714288,0.36875142857142845,0.0643238095238095,0.004398333333333334
0.602225119047619,0.3525375000000001,0.0409535714285714,0.004283809523809524
0.0672589304667211,0.1793684043711707,0.4148678594296141,0.3385048057324944
0.1696673381618382,0.45250561452436455,0.2843420433455433,0.09348500396825397
0.1625816743811744,0.19568791508491507,0.44652919857919854,0.195201211954712
0.05244418634829375,0.15859062198332122,0.4373495244760074,0.35161566719237775
0.3269694444444445,0.626590873015873,0.04004134920634919,0.006398333333333336
0.09922945489659106,0.14400788272237522,0.6850995805646175,0.07166308181641633
0.9279732739815357,0.02007113340098825,0.051543856149753105,0.00041173646772323525
0.3987679899592134,0.40471366300366307,0.15119343549476524,0.045324911542358334
0.601809033189033,0.20788727994227998,0.17779981962481967,0.012503867243867246
0.09603633653562638,0.16205377964649448,0.6610193428504186,0.08089054096746047
0.7298541347541344,0.1699854989454989,0.09465540237540238,0.005504963924963927
0.42960333333333334,0.3557815259740259,0.1962777669552669,0.018337373737373742
0.03542364026100241,0.140180749856163,0.7193010726000943,0.10509453728274006
0.011666758782153522,0.10701125505846244,0.4152933189113772,0.4660286672480069
0.8011912753589127,0.061295255905312394,0.13354948064053698,0.003963988095238095
0.04010163847590318,0.03834163452832568,0.4375482630359837,0.4840084639597875
0.06683771669387922,0.14962442471091664,0.6949507819337825,0.08858707666142171
0.9362725360207746,0.013311491468006371,0.04951124022596001,0.0009047322852586011
0.9369536979443633,0.021307361482396696,0.04172044213536442,1.8498437875510693e-05
0.31534636170978714,0.3721325339552169,0.2313267881369042,0.08119431619809196
0.2681729488299225,0.2470433482258483,0.3650351268565742,0.11974857608765509
0.7269978454866135,0.14533158919151698,0.12162873750549583,0.0060418278163736315
0.8113494703427587,0.07291235892213715,0.11230903113932023,0.0034291395957843328
0.43859678571428584,0.4097382142857142,0.12965755952380953,0.022007440476190472
0.9403635434801842,0.0380283507412356,0.021442030811202148,0.0001660749673779086
0.5095144688644688,0.43848032967033,0.04779993284493282,0.004205268620268622
0.053085790575500266,0.3613036520906699,0.4375570275307292,0.1480535298031005
0.3399585549254666,0.18667142202568676,0.424355412479677,0.04901461056916939
0.6455046428571432,0.13630654761904762,0.2065885714285716,0.011600238095238096
0.15041281685290975,0.3700882558763906,0.34855975215645496,0.1309391751142447
0.8957177509597963,0.06645789946376067,0.03767652221896011,0.00014782735748252989
0.9777381060195701,0.012281417318775956,0.009883717410689627,9.675925096406724e-05
0.012970238095238095,0.04088614163614162,0.12132409645909649,0.8248195238095242
0.16801209668530448,0.35702187902799304,0.3890744057748112,0.08589161851189113
0.4640599886877827,0.25968282176973356,0.2514773026646557,0.024779886877828058
0.027516960242851184,0.140579744737478,0.5943434525569299,0.2375598424627408
0.19993841575091573,0.5432378357753359,0.11868525335775336,0.13813849511599507
0.0378691097359049,0.4617696061328104,0.3952238302357289,0.10513745389555595
0.09156873207674891,0.12012688579338507,0.453440800532541,0.3348635815973249
0.1269830158730159,0.7357163888888888,0.10947265873015874,0.027827936507936513
0.09662292047324658,0.4042690472134427,0.3713057056374287,0.12780232667588168
0.5769781453634087,0.226753596491228,0.18228286340852123,0.013985394736842103
0.016972726689458435,0.07686786714323217,0.5794110718785082,0.3267483342888012
0.01983170450731666,0.11035856101044876,0.6153758192342879,0.25443391524794656
0.9113263761592963,0.020355203536766196,0.062070013078978255,0.006248407224958949
0.025933730158730156,0.09337305555555556,0.38555349206349215,0.49513972222222224
0.8204530387802158,0.04893084383326057,0.12903610855009137,0.0015800088364323892
0.6017409544695071,0.19757358604845446,0.19065445697577277,0.010031002506265662
0.0344492857142857,0.28524031746031747,0.26987595238095224,0.4104344444444445
0.37320690476190477,0.5132997619047618,0.10546285714285711,0.008030476190476192
0.42147674603174595,0.45468654761904786,0.1104872619047619,0.013349444444444445
0.04628108080996278,0.13310681968411953,0.5917697564141059,0.22884234309181192
0.9332902678992455,0.029230729076533124,0.03589723070756278,0.0015817723166585578
0.5837945938375348,0.33321511904761897,0.07523523809523808,0.007755049019607844
0.9348794787231997,0.022572507082602503,0.03877223675921013,0.0037757774349879616
0.8396588600169139,0.13129040456060692,0.025114355214967406,0.003936380207511787
0.651358084970585,0.14278140109890108,0.19681336441336442,0.009047149517149517
0.8849160003100401,0.08237596938529589,0.03128941272942875,0.0014186175752352224
0.8097494266568664,0.10674546876797873,0.07150831781659191,0.011996786758563072
0.024234830206203054,0.11483096062881336,0.5858437650229079,0.2750904441420754
0.8801551886799183,0.06894670191738311,0.04683929594598506,0.004058813456713702
0.332133286279424,0.3231356123812549,0.27267589861720665,0.07205520272211449
0.2889452442002442,0.31842699175824174,0.32287357448107445,0.06975418956043955
0.14313032509157508,0.6100556547619047,0.16788096611721615,0.07893305402930402
0.3185368161244229,0.28033849553630746,0.2825306140531527,0.11859407428611696
0.7301041755354254,0.0924018182193182,0.1664766252928752,0.011017380952380952
0.6394401096029295,0.18396410678000635,0.11888022079344983,0.0577155628236143
0.019883145214464923,0.10485481354251934,0.6044419132849366,0.27082012795807925
0.9716059524866352,0.006075165496853549,0.022149988684345284,0.0001688933321655496
0.23124566531851984,0.2805980171597052,0.40373433388079705,0.08442198364097812
0.9146371313428192,0.04967427127992085,0.03308609811998162,0.002602499257278669
0.9601839480501959,0.011964586839028553,0.0278313162078355,2.0148902940150723e-05
0.9674436190383945,0.009665919952975395,0.022736895315604605,0.0001535656930260608
0.02840636446886448,0.8152551923076922,0.1166729792429792,0.03966546398046397
0.10932166666666669,0.7800900793650796,0.09594777777777777,0.014640476190476193
0.026590254515599345,0.26131350148105226,0.30004298552754416,0.4120532584758041
0.7891743292397326,0.07259418434651912,0.12788193156911107,0.010349554844636996
0.39806797619047624,0.5025536904761906,0.0913427380952381,0.00803559523809524
0.06727744044621789,0.5275050671895485,0.3054319142571769,0.09978557810705695
0.5423346320346318,0.2595956583694085,0.1521269318181818,0.04594277777777776
0.5055628427128428,0.27393485930735945,0.16916045454545464,0.05134184343434344
0.12743341810966816,0.3968304166666667,0.35174241522366523,0.12399375000000001
0.053042765084588626,0.4020105999653941,0.37879010708572475,0.1661565278642926
0.16380036796536793,0.660974000721501,0.1040712049062049,0.07115442640692642
0.9593259829512091,0.013053258673067362,0.02760730808332576,1.3450292397660817e-05
0.9844090346987499,0.0029126128555199394,0.01266629739155679,1.2055054173698241e-05
0.018348781997569386,0.10056888025528991,0.7305489889037636,0.15053334884337677
0.01017323794261294,0.05929363476800976,0.3617698725579974,0.5687632547313796
0.5200890151515151,0.30812462121212103,0.149099696969697,0.022686666666666667
0.3584504761904762,0.5065273809523809,0.09601071428571428,0.039011428571428565
0.9745018809916824,0.009944521305446331,0.015409784028725696,0.00014381367414541477
0.9562864472586068,0.015695526050298975,0.027749162881775778,0.00026886380931838
0.9338066565465144,0.01876450558473488,0.04317950292331999,0.00424933494543051
0.03405498445998446,0.22013887916907646,0.34450217868388927,0.4013039576870498
0.6783855886621559,0.11756867594790281,0.18067648039762166,0.023369254992319507
0.19166168259044614,0.15964885345367816,0.5605098806012682,0.08817958335460756
0.20589935719509253,0.225006310759502,0.47895767176451004,0.09013666028089559
0.19939751165322664,0.331618618377186,0.4216095649841797,0.047374304985407935
0.5019972716308743,0.18248906527568295,0.30435439389858504,0.011159269194857428
0.03211531122631553,0.11999117851395356,0.5758745096313209,0.2720190006284101
0.10586031709174896,0.46809087621013296,0.30273288920831476,0.12331591748980295
0.42211453815991584,0.14198731337752987,0.3930158282466919,0.04288232021586224
0.12958120851370852,0.5320803354978353,0.18345172799422804,0.15488672799422804
0.862566069136492,0.04360099870447662,0.0907549018560012,0.0030780303030303034
0.03488085955710955,0.3280348885836385,0.2745541634754135,0.3625300883838382
0.9183831369670217,0.020347698827630857,0.06120249753868116,6.666666666666667e-05
0.9688935905503245,0.01256291664068014,0.01836044293753507,0.00018304987146055635
0.7118236721611721,0.1354207692307692,0.1501597893772894,0.002595769230769231
0.32369955576430504,0.09442524317445765,0.5535506576493836,0.028324543411853823
0.7237508732933733,0.1982636543456542,0.07378419197469195,0.004201280386280388
0.005931150793650793,0.05934851911976912,0.2268087608225108,0.7079115692640694
0.06795152256754079,0.1668515504996359,0.6928594956156935,0.07233743131712982
0.3742372412283734,0.13035201730135698,0.4496638616205597,0.04574687984971004
0.4287339069264068,0.09789043290043291,0.4139579112554113,0.05941774891774891
0.021016069723992944,0.0625054322442231,0.7751262491816223,0.14135224885016184
0.6444565252139166,0.2783586519277824,0.06975296138643965,0.007431861471861473
0.006957753705739975,0.09602519840600357,0.28671320224860675,0.6103038456396498
0.5272556349206349,0.418019880952381,0.04887400793650795,0.005850476190476191
0.2582659107598074,0.13713649637435624,0.4822809429258018,0.12231664994003466
0.276344544469867,0.19122214595440404,0.366503673369641,0.1659296362060879
0.03689631469979296,0.19096383210991916,0.29551688421481914,0.4766229689754691
0.04539168498168498,0.2213784645909647,0.2965641971916972,0.43666565323565315
0.8860655578492026,0.058021028834672556,0.0552297203228435,0.0006836929932812286
0.061674403539342164,0.25629153777140734,0.6159816008075468,0.0660524578817034
0.006094705524087407,0.0962633259168865,0.3387618918246856,0.5588800767343407
0.02672857658464537,0.10994208705287926,0.3872853368599985,0.47604399950247694
0.5282061338661338,0.37735541125541117,0.08806296037296037,0.006375494505494506
0.08112231200441725,0.5061273003685506,0.29507039332309065,0.11767999430394172
0.9434610672336357,0.02395657666934369,0.03214427405960476,0.0004380820374158902
0.010422002687811759,0.1433478629280853,0.44063131010188206,0.40559882428222094
0.01826666983960592,0.09418322324013141,0.6377716303906275,0.2497784765296352
0.19248312404880974,0.21995800584921327,0.4159904027511589,0.171568467350818
0.1751654761904763,0.7160833333333333,0.09673190476190476,0.012019285714285717
0.7708492051016325,0.08480423659979905,0.14371677618198628,0.000629782116581777
0.6675726984126982,0.2770305952380952,0.04956480158730156,0.005831904761904763
0.8188545564875352,0.1306601439716928,0.04865541913510814,0.0018298804056639877
0.037198250360750355,0.047380531632110576,0.20259030341004025,0.7128309145970988
0.6587288884413957,0.07280197946570967,0.2298435301852238,0.038625601907670885
0.015285699043603454,0.12477886797026504,0.39068843302530804,0.46924699996082353
0.03294523543411341,0.05916914177709083,0.5068741473798909,0.4010114754089051
0.012776360544217687,0.062041179138322,0.4063898526077097,0.5187926077097507
0.7958927062430321,0.0773777438020916,0.1261244451412115,0.0006051048136645963
0.10720523294931189,0.41897549375575693,0.3182002411647806,0.15561903213015055
0.9560582177093062,0.013571562823584233,0.026370219467109875,0.004
0.16962055219542765,0.20984144527689594,0.544449147974708,0.0760888545529685
0.10887121449312652,0.4231599144121773,0.3585232859833089,0.10944558511138744
0.013018682596836709,0.1274476797150774,0.6087948974501806,0.25073874023790543
0.8002742019105452,0.10237070061190073,0.09184367917363608,0.005511418303918304
0.8249587839890339,0.12243748994185437,0.04287978041222452,0.009723945656886836
0.940161341609824,0.03809286005013217,0.021327957319365258,0.00041784102067823003
0.6914803211740099,0.13804180126636323,0.15497060949121433,0.015507268068412645
0.8565534598934649,0.059293401845200384,0.07481745198682486,0.009335686274509803
0.21427657352664384,0.531758197207737,0.17297438012754518,0.08099084913807418
0.8989572369097631,0.06024401251952566,0.04034172970092687,0.00045702086978452434
0.9560436524055527,0.024735346120129717,0.01888427254578223,0.00033672892853548966
0.023327387543244774,0.08984110451845563,0.6127817883157677,0.2740497196225316
0.23378831353603832,0.2919213750527279,0.4180576309640783,0.056232680447155625
0.8954920366038557,0.0594619049092833,0.043496484998377175,0.0015495734884840512
0.9620832550076712,0.013775982463368348,0.024001338375691933,0.00013942415326854686
0.9017494795412226,0.05865743108560295,0.038312703333596515,0.0012803860395781352
0.9739487444643955,0.0046628081242973,0.021376682705424487,1.1764705882352942e-05
0.9803461524676463,0.004500812329082539,0.015090731572907936,6.230363036303631e-05
0.6709071195128287,0.23617171013514834,0.08606223149149353,0.0068589388605292505
0.20362657661496575,0.27967253136103365,0.41126159852356053,0.10543929350044012
0.7396574674182027,0.20257250848824385,0.05109266723472605,0.00667735685882745
0.690876861009361,0.17044625966625965,0.1308690038665039,0.007807875457875457
0.5621985741234807,0.36432999528390864,0.06516275877866709,0.008308671813943461
0.7631183114519959,0.07462932916294421,0.1576106927183933,0.004641666666666666
0.8452125252422402,0.06199347413568553,0.0885157863363597,0.004278214285714285
0.7875834593837535,0.16753364145658264,0.0410402801120448,0.0038426190476190474
0.07578466124146396,0.36922185794802304,0.44532749202115407,0.10966598878935908
0.10210238095238094,0.8016680014430011,0.07700838744588746,0.019221230158730153
0.012992673992673991,0.03772425518925518,0.13707838827838825,0.812204682539682
0.06570373587410033,0.2189931713134124,0.4190751435929089,0.2962279492195785
0.3170366666666667,0.5520551190476192,0.11186380952380948,0.019044404761904766
0.1482875449306562,0.3811783927925342,0.3737704728414439,0.09676358943536557
0.09840143282414182,0.27195765735210775,0.34520608130689395,0.2844348285168565
0.020835126793577515,0.10081516650023388,0.681566432954012,0.1967832737521767
0.035973976394207935,0.16271388298196257,0.29410539882821374,0.507206741795616
0.05556071392091073,0.19111035552690658,0.6099708675657722,0.14335806298641068
0.15904238095238085,0.6284298412698416,0.09911718253968252,0.11341059523809525
0.9440097884261562,0.014259488387360613,0.04132236719124282,0.0004083559952401894
0.11528177073058715,0.4058818157480303,0.2906393150503303,0.18819709847105245
0.061423107868261335,0.1749045512653729,0.4410353195546994,0.3226370213116666
0.04845328877005347,0.3102710618792972,0.3152388141923436,0.3260368351583057
0.2142335281385281,0.5932033549783552,0.10953296536796539,0.08303015151515149
0.10595532213788925,0.16957973974183266,0.4950318811818133,0.22943305693846505
0.4908607342167637,0.29145302521008415,0.15982189775910366,0.05786434281404868
0.07958555165990587,0.19175955998675945,0.45108730621680126,0.2775675821365335
0.11186449137752696,0.41535203494328016,0.30409876554930027,0.16868470812989236
0.39017140992042193,0.2751842959944951,0.28140706890348494,0.05323722518159807
0.07880067226890758,0.7885335760971057,0.07954568160597572,0.05312007002801122
0.12897574789637542,0.5129689419025761,0.22083398479247968,0.137221325408569
0.38101488401264744,0.2598540212813687,0.3006089222543694,0.05852217245161438
0.31827095812723866,0.14704575353508287,0.4502024312374616,0.08448085710021688
0.8376824851225497,0.027217857233611954,0.13429446283864357,0.0008051948051948052
0.1946860347844021,0.3721277397100233,0.36956106296614466,0.06362516253942993
0.8625625323091894,0.0342667457010423,0.09130346008500671,0.011867261904761903
0.6862173677248675,0.25700769841269844,0.05235183862433862,0.004423095238095239
0.150077269994785,0.4241554740425992,0.36786443430774773,0.05790282165486814
0.09706902217311826,0.3534615140359362,0.47047233093008567,0.07899713286085996
0.05000924232813392,0.1871840635987537,0.5744830743008019,0.18832361977231038
0.9590178690185027,0.00834147610882212,0.03258669679878587,5.3958073889580734e-05
0.13633955904894302,0.30119629452907476,0.45627953867083254,0.10618460775114955
0.16043776038289195,0.36700459464512103,0.4173753958760536,0.0551822490959333
0.4745397619047619,0.4042221428571428,0.10857309523809525,0.012665
0.1462579271708684,0.39217062091503274,0.3743823529411764,0.08718909897292253
0.06805555555555558,0.06077515873015868,0.41135674603174616,0.45981253968253966
0.015901508486767923,0.08844021408331613,0.25412225975682895,0.6415360176730869
0.08151799127784783,0.5311630558558018,0.28347563105079515,0.10384332181555543
0.03773231079802794,0.17925791215219977,0.5056866630522652,0.27732311399750675
0.9710238480605367,0.010836982469841954,0.017936139166591314,0.000203030303030303
0.7718473595848596,0.1307729365079365,0.08377027167277165,0.013609432234432233
0.9114892724160947,0.023635350647178765,0.05898592608703007,0.005889450849696752
0.13562210842563371,0.12883143703583394,0.6296644557207172,0.1058819988178151
0.08554895911098487,0.20166155340852612,0.6414179815867179,0.07137150589377116
0.8720755910886924,0.02903508644166394,0.0988290194393405,6.0303030303030296e-05
0.9515895471279137,0.02045458440223613,0.027516198234831576,0.00043967023501907226
0.42269389400921653,0.17979930261136712,0.3111798248847926,0.08632697849462363
0.053207152750248544,0.23888812594596934,0.5720330912271515,0.13587163007663056
0.9552959150758817,0.009784680701266164,0.03476716001607864,0.00015224420677361852
0.9633476076168068,0.01708232484791482,0.019514402718408274,5.566481687014428e-05
0.029080562218626906,0.07175212681572424,0.6752440776379269,0.22392323332772168
0.8483906805242782,0.05222912309765627,0.0822393710817021,0.017140825296363273
0.9581680191909269,0.02250579178226603,0.01895835957676094,0.00036782945004594487
0.8258581977220456,0.08215043024766193,0.08931909562853288,0.0026722764017591606
0.9830646727598821,0.0032336518416731107,0.013635008731777951,6.666666666666667e-05
0.8468086991839892,0.05554684073218766,0.09533541295559837,0.002309047128225227
0.8074382406601112,0.07270042622310473,0.11445633311678423,0.005405
0.1540297619047619,0.6814296103896105,0.0863511038961039,0.07818952380952382
0.09451797732986877,0.3075663264802241,0.41653312818264643,0.1813825680072609
0.8897051349882465,0.03716755758264462,0.07258931562304348,0.0005379918060655516
0.23230236540163005,0.17711992600816123,0.4936207308105838,0.09695697777962486
0.06389532062584412,0.20471625562470414,0.6029533939247435,0.12843502982470817
0.08169069724135512,0.06703864497588183,0.48935881430703804,0.36191184347572497
0.03906028450167142,0.17353200991030604,0.6113456178101816,0.17606208777784083
0.026670604395604394,0.08245214060793005,0.23552823404665507,0.6553490209498105
0.08581590339485076,0.4619547988025618,0.2980135873142452,0.15421571048834207
0.023517592482770296,0.09297281956951262,0.6056700343214563,0.2778395536262608
0.022990863254103596,0.07485983665703648,0.5591511868539374,0.34299811323492263
0.1685793542568543,0.5143156132756134,0.196642509018759,0.12046252344877349
0.12762546903501928,0.36840977624343035,0.4186156425869945,0.0853491121345559
0.303894761904762,0.5558752380952384,0.120107380952381,0.020122619047619045
0.03803002811939311,0.1704947500264377,0.5731794658240315,0.21829575603013807
0.6811684580410012,0.19423160222918834,0.11839438417425488,0.006205555555555556
0.05379642857142858,0.04584666666666663,0.30577904761904773,0.5945778571428574
0.06950182291489132,0.22577399357438818,0.6150433602857089,0.08968082322501142
0.18605287280028088,0.2319106056088755,0.47725978854833867,0.10477673304250486
0.21132787518037513,0.5141916161616166,0.18921695887445886,0.08526354978354975
0.03744821095571095,0.21470228049728055,0.3869293477355978,0.36092016081141076
0.8478701319149089,0.06852466366527131,0.0786268405831875,0.004978363836632335
0.06049787294404942,0.21345245995834236,0.4819400806219925,0.24410958647561593
0.8158649265426213,0.15203199510386958,0.028595773117237808,0.003507305236270754
0.41180050732343415,0.25247511849233434,0.2817061290019943,0.05401824518223711
0.0231446558960446,0.1318484586224278,0.5269180389832769,0.3180888464982506
0.2364215476190477,0.6966150216450218,0.056341071428571414,0.01062235930735931
0.04603340502829831,0.1700842586460254,0.45081564945483554,0.3330666868708408
0.5854088095238091,0.3184780952380952,0.09004499999999997,0.006068095238095239
0.38833821428571436,0.34885265873015875,0.20300198412698414,0.05980714285714284
0.08024082438070541,0.4676381154608997,0.2865262474304476,0.1655948127279474
0.006616666666666665,0.01997551587301587,0.15639103174603178,0.8170167857142856
0.016265052939175063,0.1705955416654956,0.5214325143412286,0.29170689105410075
0.05692173804522807,0.1928026924180835,0.623799771735616,0.12647579780107251
0.09586226190476195,0.7081575000000006,0.13415095238095237,0.0618292857142857
0.04382089726791676,0.2348501050528358,0.47822602051163615,0.2431029771676113
0.23070694817507242,0.3219878769972744,0.3929328199567207,0.05437235487093254
0.8673687237802623,0.07468865267859015,0.05458096682268653,0.0033616567184608804
0.007295387270387271,0.0357665122115122,0.5126907986607988,0.4442473018573018
0.23825005440019623,0.34897293738462665,0.3618208987060943,0.050956109509082526
0.17886000000000002,0.6930114285714285,0.10149190476190477,0.026636666666666652
0.9530471252294503,0.025661184023153368,0.02044175910891778,0.000849931638478471
0.025197221325787496,0.10528117597880561,0.6019653341605075,0.26755626853489933
0.12048560204776453,0.49189946214898755,0.30854250066692634,0.07907243513632152
0.4069454761904761,0.5115180952380952,0.07743642857142857,0.0041
0.026844804539145686,0.09602850269920822,0.6092367191688257,0.26788997359282046
0.27283609393530445,0.2732628232001917,0.38062655594405576,0.07327452692044796
0.02982434116772173,0.13316525506334181,0.6626277596927566,0.17438264407617995
0.11362000212439555,0.2626153802887858,0.42072869048775147,0.20303592709906731
0.1605233333973767,0.30043729742864456,0.44366705324211914,0.09537231593185934
0.1120443318311042,0.19733156223751372,0.5439924458336024,0.14663166009777956
0.8900985834727676,0.03813327902562905,0.06798480416826998,0.0037833333333333334
0.06998335497835496,0.6502953174603173,0.17623550505050506,0.10348582251082244
0.4638006654456654,0.44408617826617836,0.08277438339438341,0.009338772893772896
0.03279577545345087,0.1010254390915208,0.45377702003737624,0.4124017654176522
0.060754052243459554,0.1310360131910741,0.7295619021523229,0.07864803241314366
0.922083826468707,0.04584661980957958,0.03133713784009729,0.000732415881616047
0.9797978241521182,0.004696576035405703,0.015473350777357795,3.224903511788758e-05
0.08546403854678054,0.16874391706825997,0.5447839972154938,0.2010080471694658
0.45268716450216445,0.19315178210678216,0.27019885642135644,0.08396219696969696
0.28472554949554957,0.20490279130479128,0.41191432181632165,0.0984573373833374
0.05118235404837217,0.20574375321395533,0.4777171636872916,0.26535672905038077
0.03126392057732946,0.14470592373939936,0.5307309915276602,0.2932991641556109
0.02212582942043081,0.1280565178235496,0.6016981414462682,0.2481195113097512
0.01667239514229409,0.1608533225242384,0.5242038565914027,0.29827042574206497
0.046476785714285714,0.8398225238095239,0.08890814285714288,0.02479254761904762
0.13540031001722264,0.3073472567918875,0.48586986329872917,0.0713825698921604
0.6321452846027844,0.29976058690183677,0.05980852306852306,0.008285605426855427
0.8985808208066551,0.037597415155699525,0.062274016711755295,0.001547747325890061
0.7744507028388277,0.187650070970696,0.03280028096903097,0.005098945221445222
0.05871909233280045,0.1771628603932311,0.5271491383680581,0.23696890890590996
0.18965159525265676,0.3024345938879522,0.4463682398955169,0.06154557096387395
0.3063299450549451,0.5927103205128204,0.08362116300366296,0.01733857142857143
0.16852190859081026,0.3985113130274285,0.3272267303766732,0.10574004800508809
0.22874678546123403,0.22374243997156779,0.31682723747962255,0.23068353708757555
0.7400432708378857,0.10019462374080478,0.14204324095244505,0.01771886446886447
0.030808201474360287,0.1686049924168671,0.545138388754093,0.2554484173546796
0.02858695835149791,0.12379289862978089,0.5241611473517397,0.323458995666982
0.11070160835312212,0.47512586136522295,0.3370981712215017,0.07707435906015331
0.1618962389493891,0.3914935498015916,0.38859254859090003,0.05801766265811932
0.2660222144929705,0.3266082898890604,0.35149502945551986,0.05587446616244929
0.16107033551679195,0.28791774908098433,0.3955740288401248,0.1554378865620991
0.23770273809523798,0.6791652380952381,0.07352011904761907,0.009611904761904764
0.08456880178206004,0.15871253570661187,0.653096280216418,0.10362238229491007
0.016137675070028012,0.05490993230625582,0.3095006232492997,0.6194517693744163
0.3448413229549502,0.28250718191229063,0.27644906864493235,0.09620242648782697
0.8737360284079252,0.07170094034194481,0.050797651957963236,0.003765379292167016
0.01620602395267527,0.1188099323326355,0.4423667829434186,0.4226172607712709
0.02178571428571428,0.05235666666666666,0.3763085714285714,0.5495490476190479
0.4777351251526252,0.3857608363858364,0.12435619963369966,0.01214783882783883
0.0284731462665093,0.07244389139199696,0.6302139301876085,0.26886903215388536
0.5514359046509043,0.3070497702297702,0.12797808635808636,0.013536238761238759
0.01960568086883876,0.04963849763297132,0.17718821776663873,0.7535676037315509
0.015085193710709132,0.10207982512656788,0.5113207445015501,0.37151423666117284
0.011224559580061116,0.11534241957239542,0.7085581358223042,0.16487488502523906
0.03821301465705489,0.05265688940477023,0.45718940661202123,0.4519406893261535
0.10341276763912603,0.48096038938828367,0.263822446844571,0.15180439612801933
0.05807011988364783,0.11918039288548328,0.596326980203381,0.22642250702748792
0.45704756410256403,0.42622122710622695,0.09955287545787544,0.017178333333333337
0.023642857142857143,0.05700428571428571,0.1874533333333334,0.7318995238095242
0.028503113609750632,0.18452066924508015,0.3972832881252163,0.38969292901995317
0.9027093635091985,0.052410949708257465,0.043853918738095424,0.0010257680444485297
0.9094860963004485,0.05687329851562747,0.031401134340414895,0.00223947084350954
0.7686867152955739,0.1859769669710322,0.03949013134972917,0.005846186383664646
0.07863485098118703,0.1383552089070123,0.6273564595651654,0.15565348054663536
0.899797230823608,0.08162407613564779,0.017876074414992397,0.000702618625752059
0.07014981943781812,0.4760701956592249,0.3473271989972771,0.10645278590567975
0.7151529354305823,0.22442589617898437,0.05674640648567119,0.003674761904761905
0.5965958730158731,0.24424388888888882,0.1505283333333333,0.008631904761904763
0.7343824464724463,0.14659834825084825,0.10641642749892748,0.012602777777777779
0.03991430497865447,0.07013532916550097,0.441898448619581,0.44805191723626364
0.14337306471306474,0.6670395455751975,0.13068250437967832,0.05890488533205923
0.015766959682074443,0.0579417603193516,0.3626600379279511,0.5636312420706229
0.3808316468253967,0.370618373015873,0.23041444444444448,0.01813553571428571
0.13153818001836926,0.3891562087208079,0.4121327136408417,0.06717289761998119
0.16336254502442002,0.21910614774114776,0.4828242986874239,0.13470700854700854
0.3663400212866935,0.18036455090581988,0.3890838282155859,0.06421159959190083
0.4704737486206604,0.1970373208980562,0.2867338914353621,0.04575503904592137
0.795601450635135,0.1426575903701561,0.05838849803461647,0.00335246096009254
0.6046856872294373,0.12524406926406925,0.2620806655844157,0.007989577922077922
0.08743558038906044,0.5792185775567448,0.24140046880524202,0.09194537324895313
0.2935584775165985,0.34728301803444395,0.30434882915560435,0.054809675293353025
0.9212841552473349,0.03476132056201568,0.0425384978709654,0.0014160263196839815
0.9044852460847239,0.024856870647659634,0.06426470866444177,0.006393174603174603
0.18904047619047618,0.693233906926407,0.10673467532467532,0.010990941558441561
0.10351238095238095,0.7735424999999998,0.10461702380952381,0.01832809523809524
0.12363999999999997,0.6631740476190476,0.11394892857142856,0.09923702380952379
0.47235682539682544,0.4677133333333334,0.05480952380952383,0.005120317460317461
0.06305234126984127,0.3180068650793651,0.413011349206349,0.20592944444444433
0.5768319047619047,0.34881428571428574,0.06786261904761902,0.006491190476190477
0.18191286589791195,0.09574243638877138,0.6775776555627799,0.04476704215053664
0.2838605173618119,0.10406467138125029,0.5590331401733523,0.053041671083585346
0.5899514502164502,0.33134697330447344,0.07179208874458873,0.006909487734487735
0.21230657119514487,0.20709767229012818,0.3671640302181479,0.21343172629657933
0.29222893939393946,0.5907675865800865,0.0945300974025974,0.022473376623376614
0.06673593664505428,0.21616987553296382,0.39710969816131575,0.31998448966066606
0.03201973137973136,0.05965372588522588,0.5468222698967699,0.36150427283827297
0.01877894552729692,0.12605040308161056,0.5671388348192911,0.2880318165718011
0.0011236585365853658,0.025689729965156796,0.1898337659698025,0.7833528455284554
0.03860948842961299,0.13217066193147378,0.4888030223854751,0.340416827253438
0.011537136343626915,0.13856905800280883,0.3440945326842072,0.5057992729693569
0.21305273749111917,0.13108262222343994,0.5597105962678857,0.09615404401755541
0.11941609149539632,0.27315400262556044,0.37704967061888256,0.23038023526016083
0.11295359859568521,0.3878303980750465,0.37891829771666563,0.12029770561260232
0.05059464285714284,0.11657270562770561,0.2905896825396824,0.5422429689754691
0.0106125,0.021730952380952392,0.20554642857142852,0.7621101190476192
0.009468690388894991,0.08325559779105374,0.5007324484957624,0.40654326332428886
0.06347656728839773,0.3758717093169813,0.39600875824697646,0.16464296514764445
0.06631746535831103,0.12796479236226163,0.3935364021990004,0.4121813400804269
0.3036271428571428,0.6173775,0.06613916666666665,0.012856190476190474
0.6019156349206348,0.33791853174603176,0.052736666666666654,0.007429166666666668
0.8920707329786645,0.07437517641386412,0.03096801392679911,0.0025860766806722695
